Exact1000
 
VEHICLE
NUMBER     CAPACITY
  8           1


CUSTOMER						
CUST NO,   XCOORD,	YCOORD,      DEMAND  READY TIME DUE DATE SERVICE TIME   
						
0	55.179139	8.749196	0	0	1236	0
1	55.58866602	8.98256114	0	0	1236	0
2	56.11758898	8.77631721	0	0	1236	0
3	55.87980655	9.02069012	0	0	1236	0
4	56.46786022	10.15187434	0	0	1236	0
5	56.78868223	9.6314021	0	0	1236	0
6	55.09213876	9.41740446	0	0	1236	0
7	55.264818	9.402603	0	0	1236	0
8	57.724480	10.559290	1	0	1236	90
9	57.693410	10.490460	1	0	1236	90
10	57.693410	10.490460	1	0	1236	90
11	57.625070	10.435480	1	0	1236	90
12	57.590670	10.408510	1	0	1236	90
13	57.662010	10.465160	1	0	1236	90
14	57.723910	10.592090	1	0	1236	90
15	57.715010	10.530930	1	0	1236	90
16	57.723910	10.592090	1	0	1236	90
17	57.598300	10.410380	1	0	1236	90
18	57.715010	10.530930	1	0	1236	90
19	57.625070	10.435480	1	0	1236	90
20	57.590670	10.408510	1	0	1236	90
21	57.722720	10.542720	1	0	1236	90
22	57.722720	10.542720	1	0	1236	90
23	57.715010	10.530930	1	0	1236	90
24	57.590670	10.408510	1	0	1236	90
25	57.723910	10.592090	1	0	1236	90
26	57.722720	10.542720	1	0	1236	90
27	57.724480	10.559290	1	0	1236	90
28	57.724480	10.559290	1	0	1236	90
29	57.598300	10.410380	1	0	1236	90
30	57.662010	10.465160	1	0	1236	90
31	57.566310	10.408940	1	0	1236	90
32	57.715010	10.530930	1	0	1236	90
33	57.722720	10.542720	1	0	1236	90
34	57.598300	10.410380	1	0	1236	90
35	57.598300	10.410380	1	0	1236	90
36	57.715010	10.530930	1	0	1236	90
37	57.598300	10.410380	1	0	1236	90
38	57.722720	10.542720	1	0	1236	90
39	57.598300	10.410380	1	0	1236	90
40	57.625070	10.435480	1	0	1236	90
41	57.722720	10.542720	1	0	1236	90
42	57.566310	10.408940	1	0	1236	90
43	57.625070	10.435480	1	0	1236	90
44	57.566310	10.408940	1	0	1236	90
45	57.625070	10.435480	1	0	1236	90
46	57.715010	10.530930	1	0	1236	90
47	57.566310	10.408940	1	0	1236	90
48	57.693410	10.490460	1	0	1236	90
49	57.566310	10.408940	1	0	1236	90
50	57.722720	10.542720	1	0	1236	90
51	57.566310	10.408940	1	0	1236	90
52	57.598300	10.410380	1	0	1236	90
53	57.662010	10.465160	1	0	1236	90
54	57.715010	10.530930	1	0	1236	90
55	57.598300	10.410380	1	0	1236	90
56	57.598300	10.410380	1	0	1236	90
57	57.625070	10.435480	1	0	1236	90
58	57.724480	10.559290	1	0	1236	90
59	57.662010	10.465160	1	0	1236	90
60	57.724480	10.559290	1	0	1236	90
61	57.724480	10.559290	1	0	1236	90
62	57.693410	10.490460	1	0	1236	90
63	57.724480	10.559290	1	0	1236	90
64	57.590670	10.408510	1	0	1236	90
65	57.722720	10.542720	1	0	1236	90
66	57.693410	10.490460	1	0	1236	90
67	57.566310	10.408940	1	0	1236	90
68	57.598300	10.410380	1	0	1236	90
69	57.723910	10.592090	1	0	1236	90
70	57.590670	10.408510	1	0	1236	90
71	57.715010	10.530930	1	0	1236	90
72	57.590670	10.408510	1	0	1236	90
73	57.715010	10.530930	1	0	1236	90
74	57.723910	10.592090	1	0	1236	90
75	57.693410	10.490460	1	0	1236	90
76	57.693410	10.490460	1	0	1236	90
77	57.715010	10.530930	1	0	1236	90
78	57.693410	10.490460	1	0	1236	90
79	57.625070	10.435480	1	0	1236	90
80	57.722720	10.542720	1	0	1236	90
81	57.723910	10.592090	1	0	1236	90
82	57.693410	10.490460	1	0	1236	90
83	57.590670	10.408510	1	0	1236	90
84	57.590670	10.408510	1	0	1236	90
85	57.693410	10.490460	1	0	1236	90
86	57.590670	10.408510	1	0	1236	90
87	57.724480	10.559290	1	0	1236	90
88	57.625070	10.435480	1	0	1236	90
89	57.693410	10.490460	1	0	1236	90
90	57.590670	10.408510	1	0	1236	90
91	57.590670	10.408510	1	0	1236	90
92	57.591750	9.963380	1	0	1236	90
93	57.591470	9.966300	1	0	1236	90
94	57.591810	9.962230	1	0	1236	90
95	57.590930	9.968850	1	0	1236	90
96	57.591370	9.967060	1	0	1236	90
97	57.591200	9.967900	1	0	1236	90
98	57.591810	9.962230	1	0	1236	90
99	57.590930	9.968850	1	0	1236	90
100	57.591800	9.962520	1	0	1236	90
101	57.591810	9.962230	1	0	1236	90
102	57.591200	9.967900	1	0	1236	90
103	57.591200	9.967900	1	0	1236	90
104	57.590570	9.969820	1	0	1236	90
105	57.591810	9.962230	1	0	1236	90
106	57.591810	9.962230	1	0	1236	90
107	57.591800	9.962520	1	0	1236	90
108	57.590930	9.968850	1	0	1236	90
109	57.591620	9.965000	1	0	1236	90
110	57.590570	9.969820	1	0	1236	90
111	57.591620	9.965000	1	0	1236	90
112	57.591750	9.963380	1	0	1236	90
113	57.591370	9.967060	1	0	1236	90
114	57.590930	9.968850	1	0	1236	90
115	57.591800	9.962520	1	0	1236	90
116	57.590570	9.969820	1	0	1236	90
117	57.591750	9.963380	1	0	1236	90
118	57.591620	9.965000	1	0	1236	90
119	57.591470	9.966300	1	0	1236	90
120	57.591370	9.967060	1	0	1236	90
121	57.591810	9.962230	1	0	1236	90
122	57.591750	9.963380	1	0	1236	90
123	57.591810	9.962230	1	0	1236	90
124	57.591370	9.967060	1	0	1236	90
125	57.591800	9.962520	1	0	1236	90
126	57.591810	9.962230	1	0	1236	90
127	57.591780	9.962220	1	0	1236	90
128	57.591800	9.962520	1	0	1236	90
129	57.590570	9.969820	1	0	1236	90
130	57.591200	9.967900	1	0	1236	90
131	57.590930	9.968850	1	0	1236	90
132	57.591800	9.962520	1	0	1236	90
133	57.591620	9.965000	1	0	1236	90
134	57.591800	9.962520	1	0	1236	90
135	57.591470	9.966300	1	0	1236	90
136	57.591800	9.962520	1	0	1236	90
137	57.591810	9.962230	1	0	1236	90
138	57.591750	9.963380	1	0	1236	90
139	57.590930	9.968850	1	0	1236	90
140	57.591620	9.965000	1	0	1236	90
141	57.591750	9.963380	1	0	1236	90
142	57.590570	9.969820	1	0	1236	90
143	57.590930	9.968850	1	0	1236	90
144	57.590930	9.968850	1	0	1236	90
145	57.591370	9.967060	1	0	1236	90
146	57.591750	9.963380	1	0	1236	90
147	57.591810	9.962230	1	0	1236	90
148	57.591470	9.966300	1	0	1236	90
149	57.591780	9.962220	1	0	1236	90
150	57.591750	9.963380	1	0	1236	90
151	57.591800	9.962520	1	0	1236	90
152	57.591370	9.967060	1	0	1236	90
153	57.591780	9.962220	1	0	1236	90
154	57.591370	9.967060	1	0	1236	90
155	57.590570	9.969820	1	0	1236	90
156	57.591370	9.967060	1	0	1236	90
157	57.591620	9.965000	1	0	1236	90
158	57.590570	9.969820	1	0	1236	90
159	57.591800	9.962520	1	0	1236	90
160	57.591780	9.962220	1	0	1236	90
161	57.590930	9.968850	1	0	1236	90
162	57.590570	9.969820	1	0	1236	90
163	57.591810	9.962230	1	0	1236	90
164	57.591780	9.962220	1	0	1236	90
165	57.591750	9.963380	1	0	1236	90
166	56.408000	10.871420	1	0	1236	90
167	56.410470	10.874340	1	0	1236	90
168	56.412570	10.879580	1	0	1236	90
169	56.410470	10.874340	1	0	1236	90
170	56.412390	10.878980	1	0	1236	90
171	56.412570	10.879580	1	0	1236	90
172	56.409710	10.872760	1	0	1236	90
173	56.409060	10.872000	1	0	1236	90
174	56.412780	10.880070	1	0	1236	90
175	56.412390	10.878980	1	0	1236	90
176	56.412780	10.880070	1	0	1236	90
177	56.409060	10.872000	1	0	1236	90
178	56.409060	10.872000	1	0	1236	90
179	56.411800	10.877340	1	0	1236	90
180	56.412780	10.880070	1	0	1236	90
181	56.409710	10.872760	1	0	1236	90
182	56.412780	10.880070	1	0	1236	90
183	56.410470	10.874340	1	0	1236	90
184	56.409060	10.872000	1	0	1236	90
185	56.412700	10.880130	1	0	1236	90
186	56.409710	10.872760	1	0	1236	90
187	56.412390	10.878980	1	0	1236	90
188	56.411800	10.877340	1	0	1236	90
189	56.410470	10.874340	1	0	1236	90
190	56.409060	10.872000	1	0	1236	90
191	56.410470	10.874340	1	0	1236	90
192	56.412570	10.879580	1	0	1236	90
193	56.409060	10.872000	1	0	1236	90
194	56.409060	10.872000	1	0	1236	90
195	56.408450	10.871580	1	0	1236	90
196	56.408450	10.871580	1	0	1236	90
197	56.412570	10.879580	1	0	1236	90
198	56.412390	10.878980	1	0	1236	90
199	56.409710	10.872760	1	0	1236	90
200	56.408000	10.871420	1	0	1236	90
201	56.409710	10.872760	1	0	1236	90
202	56.408450	10.871580	1	0	1236	90
203	56.412700	10.880130	1	0	1236	90
204	56.411800	10.877340	1	0	1236	90
205	56.409060	10.872000	1	0	1236	90
206	56.411800	10.877340	1	0	1236	90
207	56.411800	10.877340	1	0	1236	90
208	56.412570	10.879580	1	0	1236	90
209	56.411800	10.877340	1	0	1236	90
210	56.412390	10.878980	1	0	1236	90
211	56.412700	10.880130	1	0	1236	90
212	56.409710	10.872760	1	0	1236	90
213	56.408000	10.871420	1	0	1236	90
214	56.410470	10.874340	1	0	1236	90
215	56.412700	10.880130	1	0	1236	90
216	56.412570	10.879580	1	0	1236	90
217	56.412390	10.878980	1	0	1236	90
218	56.411800	10.877340	1	0	1236	90
219	56.408450	10.871580	1	0	1236	90
220	56.409060	10.872000	1	0	1236	90
221	56.412570	10.879580	1	0	1236	90
222	56.409060	10.872000	1	0	1236	90
223	56.412780	10.880070	1	0	1236	90
224	56.409710	10.872760	1	0	1236	90
225	56.412780	10.880070	1	0	1236	90
226	56.408000	10.871420	1	0	1236	90
227	56.409710	10.872760	1	0	1236	90
228	56.408000	10.871420	1	0	1236	90
229	56.411800	10.877340	1	0	1236	90
230	56.412700	10.880130	1	0	1236	90
231	56.412570	10.879580	1	0	1236	90
232	56.408450	10.871580	1	0	1236	90
233	56.409710	10.872760	1	0	1236	90
234	56.408000	10.871420	1	0	1236	90
235	56.408450	10.871580	1	0	1236	90
236	56.409710	10.872760	1	0	1236	90
237	56.410470	10.874340	1	0	1236	90
238	56.410470	10.874340	1	0	1236	90
239	56.410470	10.874340	1	0	1236	90
240	56.412780	10.880070	1	0	1236	90
241	56.412570	10.879580	1	0	1236	90
242	56.412700	10.880130	1	0	1236	90
243	56.410470	10.874340	1	0	1236	90
244	56.409710	10.872760	1	0	1236	90
245	56.412700	10.880130	1	0	1236	90
246	56.409710	10.872760	1	0	1236	90
247	56.408450	10.871580	1	0	1236	90
248	56.411800	10.877340	1	0	1236	90
249	56.412700	10.880130	1	0	1236	90
250	56.412700	10.880130	1	0	1236	90
251	56.412570	10.879580	1	0	1236	90
252	56.409710	10.872760	1	0	1236	90
253	56.408450	10.871580	1	0	1236	90
254	56.412780	10.880070	1	0	1236	90
255	56.411800	10.877340	1	0	1236	90
256	56.412390	10.878980	1	0	1236	90
257	56.412780	10.880070	1	0	1236	90
258	56.411800	10.877340	1	0	1236	90
259	56.412780	10.880070	1	0	1236	90
260	56.412570	10.879580	1	0	1236	90
261	56.412390	10.878980	1	0	1236	90
262	56.412700	10.880130	1	0	1236	90
263	56.411800	10.877340	1	0	1236	90
264	56.956890	8.614700	1	0	1236	90
265	56.958790	8.646950	1	0	1236	90
266	56.955480	8.593470	1	0	1236	90
267	56.958270	8.624060	1	0	1236	90
268	56.952890	8.679320	1	0	1236	90
269	56.957890	8.602450	1	0	1236	90
270	56.955480	8.593470	1	0	1236	90
271	56.955480	8.593470	1	0	1236	90
272	56.952020	8.588200	1	0	1236	90
273	56.952020	8.588200	1	0	1236	90
274	56.952020	8.588200	1	0	1236	90
275	56.955080	8.669790	1	0	1236	90
276	56.958270	8.624060	1	0	1236	90
277	56.955480	8.593470	1	0	1236	90
278	56.960460	8.636720	1	0	1236	90
279	56.952890	8.679320	1	0	1236	90
280	56.960460	8.636720	1	0	1236	90
281	56.960460	8.636720	1	0	1236	90
282	56.957890	8.602450	1	0	1236	90
283	56.955480	8.593470	1	0	1236	90
284	56.952890	8.679320	1	0	1236	90
285	56.952890	8.688050	1	0	1236	90
286	56.956890	8.614700	1	0	1236	90
287	56.955080	8.669790	1	0	1236	90
288	56.952890	8.679320	1	0	1236	90
289	56.952890	8.688050	1	0	1236	90
290	56.952890	8.679320	1	0	1236	90
291	56.958270	8.624060	1	0	1236	90
292	56.955480	8.593470	1	0	1236	90
293	56.958790	8.646950	1	0	1236	90
294	56.952890	8.679320	1	0	1236	90
295	56.958270	8.624060	1	0	1236	90
296	56.958270	8.624060	1	0	1236	90
297	56.960460	8.636720	1	0	1236	90
298	56.956890	8.614700	1	0	1236	90
299	56.952020	8.588200	1	0	1236	90
300	56.957890	8.602450	1	0	1236	90
301	56.958790	8.646950	1	0	1236	90
302	56.958270	8.624060	1	0	1236	90
303	56.952890	8.679320	1	0	1236	90
304	56.958790	8.646950	1	0	1236	90
305	56.958270	8.624060	1	0	1236	90
306	56.958270	8.624060	1	0	1236	90
307	56.956890	8.614700	1	0	1236	90
308	56.952020	8.588200	1	0	1236	90
309	56.956890	8.614700	1	0	1236	90
310	56.955480	8.593470	1	0	1236	90
311	56.958790	8.646950	1	0	1236	90
312	56.955480	8.593470	1	0	1236	90
313	56.955480	8.593470	1	0	1236	90
314	56.952020	8.588200	1	0	1236	90
315	56.957890	8.602450	1	0	1236	90
316	56.958790	8.646950	1	0	1236	90
317	56.955080	8.669790	1	0	1236	90
318	56.955480	8.593470	1	0	1236	90
319	56.958270	8.624060	1	0	1236	90
320	56.958270	8.624060	1	0	1236	90
321	56.952890	8.679320	1	0	1236	90
322	56.960460	8.636720	1	0	1236	90
323	56.952890	8.679320	1	0	1236	90
324	56.956890	8.614700	1	0	1236	90
325	56.956890	8.614700	1	0	1236	90
326	56.960460	8.636720	1	0	1236	90
327	56.955480	8.593470	1	0	1236	90
328	56.956890	8.614700	1	0	1236	90
329	56.952890	8.679320	1	0	1236	90
330	56.958270	8.624060	1	0	1236	90
331	56.952890	8.679320	1	0	1236	90
332	56.957890	8.602450	1	0	1236	90
333	56.952890	8.679320	1	0	1236	90
334	56.960460	8.636720	1	0	1236	90
335	56.960460	8.636720	1	0	1236	90
336	56.958270	8.624060	1	0	1236	90
337	56.955480	8.593470	1	0	1236	90
338	56.956890	8.614700	1	0	1236	90
339	56.958790	8.646950	1	0	1236	90
340	56.955080	8.669790	1	0	1236	90
341	56.955080	8.669790	1	0	1236	90
342	56.955080	8.669790	1	0	1236	90
343	56.955480	8.593470	1	0	1236	90
344	56.958790	8.646950	1	0	1236	90
345	56.955480	8.593470	1	0	1236	90
346	56.952020	8.588200	1	0	1236	90
347	56.955080	8.669790	1	0	1236	90
348	56.960460	8.636720	1	0	1236	90
349	56.955080	8.669790	1	0	1236	90
350	56.958270	8.624060	1	0	1236	90
351	56.490620	8.608070	1	0	1236	90
352	56.488030	8.612240	1	0	1236	90
353	56.490620	8.608070	1	0	1236	90
354	56.490910	8.606490	1	0	1236	90
355	56.486790	8.612230	1	0	1236	90
356	56.488030	8.612240	1	0	1236	90
357	56.490620	8.608070	1	0	1236	90
358	56.489280	8.611280	1	0	1236	90
359	56.490910	8.606490	1	0	1236	90
360	56.490910	8.606490	1	0	1236	90
361	56.491510	8.600610	1	0	1236	90
362	56.490910	8.606490	1	0	1236	90
363	56.491500	8.601930	1	0	1236	90
364	56.491300	8.601540	1	0	1236	90
365	56.490620	8.608070	1	0	1236	90
366	56.489280	8.611280	1	0	1236	90
367	56.490010	8.610060	1	0	1236	90
368	56.491500	8.601930	1	0	1236	90
369	56.491830	8.597680	1	0	1236	90
370	56.490620	8.608070	1	0	1236	90
371	56.491300	8.601540	1	0	1236	90
372	56.486790	8.612230	1	0	1236	90
373	56.490010	8.610060	1	0	1236	90
374	56.489280	8.611280	1	0	1236	90
375	56.491500	8.601930	1	0	1236	90
376	56.490010	8.610060	1	0	1236	90
377	56.491830	8.597680	1	0	1236	90
378	56.491510	8.600610	1	0	1236	90
379	56.490910	8.606490	1	0	1236	90
380	56.490910	8.606490	1	0	1236	90
381	56.491510	8.600610	1	0	1236	90
382	56.488030	8.612240	1	0	1236	90
383	56.490620	8.608070	1	0	1236	90
384	56.490620	8.608070	1	0	1236	90
385	56.490620	8.608070	1	0	1236	90
386	56.491300	8.601540	1	0	1236	90
387	56.491830	8.597680	1	0	1236	90
388	56.489280	8.611280	1	0	1236	90
389	56.491510	8.600610	1	0	1236	90
390	56.491510	8.600610	1	0	1236	90
391	56.490010	8.610060	1	0	1236	90
392	56.488030	8.612240	1	0	1236	90
393	56.491500	8.601930	1	0	1236	90
394	56.488030	8.612240	1	0	1236	90
395	56.486790	8.612230	1	0	1236	90
396	56.491510	8.600610	1	0	1236	90
397	56.491510	8.600610	1	0	1236	90
398	56.491300	8.601540	1	0	1236	90
399	56.491830	8.597680	1	0	1236	90
400	56.491500	8.601930	1	0	1236	90
401	56.491500	8.601930	1	0	1236	90
402	56.491510	8.600610	1	0	1236	90
403	56.491500	8.601930	1	0	1236	90
404	56.486790	8.612230	1	0	1236	90
405	56.490010	8.610060	1	0	1236	90
406	56.490910	8.606490	1	0	1236	90
407	56.490620	8.608070	1	0	1236	90
408	56.490620	8.608070	1	0	1236	90
409	56.490010	8.610060	1	0	1236	90
410	56.489280	8.611280	1	0	1236	90
411	56.490620	8.608070	1	0	1236	90
412	56.490620	8.608070	1	0	1236	90
413	56.488030	8.612240	1	0	1236	90
414	56.491300	8.601540	1	0	1236	90
415	56.490620	8.608070	1	0	1236	90
416	56.490010	8.610060	1	0	1236	90
417	56.491830	8.597680	1	0	1236	90
418	56.491500	8.601930	1	0	1236	90
419	56.491830	8.597680	1	0	1236	90
420	56.491830	8.597680	1	0	1236	90
421	56.490910	8.606490	1	0	1236	90
422	56.491500	8.601930	1	0	1236	90
423	56.490010	8.610060	1	0	1236	90
424	56.490010	8.610060	1	0	1236	90
425	56.491300	8.601540	1	0	1236	90
426	56.489280	8.611280	1	0	1236	90
427	56.491300	8.601540	1	0	1236	90
428	56.491510	8.600610	1	0	1236	90
429	56.490910	8.606490	1	0	1236	90
430	56.490910	8.606490	1	0	1236	90
431	56.490010	8.610060	1	0	1236	90
432	56.489280	8.611280	1	0	1236	90
433	56.490010	8.610060	1	0	1236	90
434	56.486790	8.612230	1	0	1236	90
435	56.490010	8.610060	1	0	1236	90
436	56.491830	8.597680	1	0	1236	90
437	56.491500	8.601930	1	0	1236	90
438	56.491500	8.601930	1	0	1236	90
439	56.490010	8.610060	1	0	1236	90
440	56.491500	8.601930	1	0	1236	90
441	56.491510	8.600610	1	0	1236	90
442	56.491830	8.597680	1	0	1236	90
443	56.490620	8.608070	1	0	1236	90
444	56.489280	8.611280	1	0	1236	90
445	56.491510	8.600610	1	0	1236	90
446	56.364680	8.620360	1	0	1236	90
447	56.365320	8.620530	1	0	1236	90
448	56.361460	8.606170	1	0	1236	90
449	56.362750	8.618770	1	0	1236	90
450	56.361410	8.613880	1	0	1236	90
451	56.365310	8.620900	1	0	1236	90
452	56.361410	8.613880	1	0	1236	90
453	56.365320	8.620530	1	0	1236	90
454	56.361810	8.607960	1	0	1236	90
455	56.365310	8.620900	1	0	1236	90
456	56.363880	8.619940	1	0	1236	90
457	56.361820	8.610500	1	0	1236	90
458	56.363880	8.619940	1	0	1236	90
459	56.364680	8.620360	1	0	1236	90
460	56.365310	8.620900	1	0	1236	90
461	56.363880	8.619940	1	0	1236	90
462	56.364680	8.620360	1	0	1236	90
463	56.361810	8.607960	1	0	1236	90
464	56.361810	8.607960	1	0	1236	90
465	56.361410	8.613880	1	0	1236	90
466	56.363880	8.619940	1	0	1236	90
467	56.361410	8.613880	1	0	1236	90
468	56.361810	8.607960	1	0	1236	90
469	56.365320	8.620530	1	0	1236	90
470	56.361810	8.607960	1	0	1236	90
471	56.361460	8.606170	1	0	1236	90
472	56.362750	8.618770	1	0	1236	90
473	56.361680	8.616310	1	0	1236	90
474	56.361810	8.607960	1	0	1236	90
475	56.361820	8.610500	1	0	1236	90
476	56.364680	8.620360	1	0	1236	90
477	56.362750	8.618770	1	0	1236	90
478	56.361810	8.607960	1	0	1236	90
479	56.365320	8.620530	1	0	1236	90
480	56.364680	8.620360	1	0	1236	90
481	56.363880	8.619940	1	0	1236	90
482	56.365320	8.620530	1	0	1236	90
483	56.362750	8.618770	1	0	1236	90
484	56.361460	8.606170	1	0	1236	90
485	56.361680	8.616310	1	0	1236	90
486	56.361460	8.606170	1	0	1236	90
487	56.365310	8.620900	1	0	1236	90
488	56.364680	8.620360	1	0	1236	90
489	56.361410	8.613880	1	0	1236	90
490	56.361810	8.607960	1	0	1236	90
491	56.363880	8.619940	1	0	1236	90
492	56.364680	8.620360	1	0	1236	90
493	56.361680	8.616310	1	0	1236	90
494	56.363880	8.619940	1	0	1236	90
495	56.362750	8.618770	1	0	1236	90
496	56.364680	8.620360	1	0	1236	90
497	56.361810	8.607960	1	0	1236	90
498	56.362750	8.618770	1	0	1236	90
499	56.361820	8.610500	1	0	1236	90
500	56.362750	8.618770	1	0	1236	90
501	56.365310	8.620900	1	0	1236	90
502	56.362750	8.618770	1	0	1236	90
503	56.362750	8.618770	1	0	1236	90
504	56.365310	8.620900	1	0	1236	90
505	56.365310	8.620900	1	0	1236	90
506	56.362750	8.618770	1	0	1236	90
507	56.361810	8.607960	1	0	1236	90
508	56.361810	8.607960	1	0	1236	90
509	56.363880	8.619940	1	0	1236	90
510	56.362750	8.618770	1	0	1236	90
511	56.361460	8.606170	1	0	1236	90
512	56.361460	8.606170	1	0	1236	90
513	56.361680	8.616310	1	0	1236	90
514	56.361820	8.610500	1	0	1236	90
515	56.361820	8.610500	1	0	1236	90
516	56.361810	8.607960	1	0	1236	90
517	56.361410	8.613880	1	0	1236	90
518	56.362750	8.618770	1	0	1236	90
519	56.361820	8.610500	1	0	1236	90
520	56.363880	8.619940	1	0	1236	90
521	56.361680	8.616310	1	0	1236	90
522	56.361460	8.606170	1	0	1236	90
523	56.361810	8.607960	1	0	1236	90
524	56.361680	8.616310	1	0	1236	90
525	56.361680	8.616310	1	0	1236	90
526	56.364680	8.620360	1	0	1236	90
527	56.361810	8.607960	1	0	1236	90
528	56.363880	8.619940	1	0	1236	90
529	56.365310	8.620900	1	0	1236	90
530	56.361810	8.607960	1	0	1236	90
531	56.361680	8.616310	1	0	1236	90
532	56.365320	8.620530	1	0	1236	90
533	56.362750	8.618770	1	0	1236	90
534	56.362750	8.618770	1	0	1236	90
535	56.361820	8.610500	1	0	1236	90
536	56.365320	8.620530	1	0	1236	90
537	56.361820	8.610500	1	0	1236	90
538	56.361820	8.610500	1	0	1236	90
539	56.365310	8.620900	1	0	1236	90
540	56.361410	8.613880	1	0	1236	90
541	56.365320	8.620530	1	0	1236	90
542	56.133420	8.972880	1	0	1236	90
543	56.132850	8.977560	1	0	1236	90
544	56.132990	8.976180	1	0	1236	90
545	56.133190	8.974640	1	0	1236	90
546	56.133420	8.972880	1	0	1236	90
547	56.133190	8.974640	1	0	1236	90
548	56.132990	8.976180	1	0	1236	90
549	56.133570	8.971100	1	0	1236	90
550	56.133420	8.972880	1	0	1236	90
551	56.133420	8.972880	1	0	1236	90
552	56.133420	8.972880	1	0	1236	90
553	56.133330	8.977860	1	0	1236	90
554	56.132990	8.976180	1	0	1236	90
555	56.133330	8.977860	1	0	1236	90
556	56.133640	8.969280	1	0	1236	90
557	56.133640	8.969280	1	0	1236	90
558	56.133630	8.968230	1	0	1236	90
559	56.132850	8.977560	1	0	1236	90
560	56.133330	8.977860	1	0	1236	90
561	56.133570	8.971100	1	0	1236	90
562	56.132840	8.977710	1	0	1236	90
563	56.133640	8.969280	1	0	1236	90
564	56.133640	8.969280	1	0	1236	90
565	56.132850	8.977560	1	0	1236	90
566	56.133570	8.971100	1	0	1236	90
567	56.132990	8.976180	1	0	1236	90
568	56.133200	8.974870	1	0	1236	90
569	56.132840	8.977710	1	0	1236	90
570	56.132990	8.976180	1	0	1236	90
571	56.133200	8.974870	1	0	1236	90
572	56.133420	8.972880	1	0	1236	90
573	56.133640	8.969280	1	0	1236	90
574	56.132850	8.977560	1	0	1236	90
575	56.132990	8.976180	1	0	1236	90
576	56.133330	8.977860	1	0	1236	90
577	56.133630	8.968230	1	0	1236	90
578	56.133330	8.977860	1	0	1236	90
579	56.132990	8.976180	1	0	1236	90
580	56.132840	8.977710	1	0	1236	90
581	56.132850	8.977560	1	0	1236	90
582	56.133200	8.974870	1	0	1236	90
583	56.132840	8.977710	1	0	1236	90
584	56.133630	8.968230	1	0	1236	90
585	56.133570	8.971100	1	0	1236	90
586	56.133190	8.974640	1	0	1236	90
587	56.133630	8.968230	1	0	1236	90
588	56.132840	8.977710	1	0	1236	90
589	56.133190	8.974640	1	0	1236	90
590	56.132850	8.977560	1	0	1236	90
591	56.133200	8.974870	1	0	1236	90
592	56.133630	8.968230	1	0	1236	90
593	56.133420	8.972880	1	0	1236	90
594	56.133420	8.972880	1	0	1236	90
595	56.133200	8.974870	1	0	1236	90
596	56.132840	8.977710	1	0	1236	90
597	56.133200	8.974870	1	0	1236	90
598	56.133570	8.971100	1	0	1236	90
599	56.133570	8.971100	1	0	1236	90
600	56.133640	8.969280	1	0	1236	90
601	56.132990	8.976180	1	0	1236	90
602	56.133420	8.972880	1	0	1236	90
603	56.133640	8.969280	1	0	1236	90
604	56.133330	8.977860	1	0	1236	90
605	56.132990	8.976180	1	0	1236	90
606	56.133420	8.972880	1	0	1236	90
607	56.132990	8.976180	1	0	1236	90
608	56.132990	8.976180	1	0	1236	90
609	56.132840	8.977710	1	0	1236	90
610	56.133190	8.974640	1	0	1236	90
611	56.132840	8.977710	1	0	1236	90
612	56.133640	8.969280	1	0	1236	90
613	56.133330	8.977860	1	0	1236	90
614	56.132990	8.976180	1	0	1236	90
615	56.132840	8.977710	1	0	1236	90
616	56.132840	8.977710	1	0	1236	90
617	56.133630	8.968230	1	0	1236	90
618	56.133190	8.974640	1	0	1236	90
619	56.132850	8.977560	1	0	1236	90
620	56.133420	8.972880	1	0	1236	90
621	56.133570	8.971100	1	0	1236	90
622	56.132850	8.977560	1	0	1236	90
623	56.132990	8.976180	1	0	1236	90
624	56.133190	8.974640	1	0	1236	90
625	56.133640	8.969280	1	0	1236	90
626	55.465440	8.720420	1	0	1236	90
627	55.467380	8.749610	1	0	1236	90
628	55.464770	8.706800	1	0	1236	90
629	55.465440	8.720420	1	0	1236	90
630	55.467880	8.757390	1	0	1236	90
631	55.465210	8.716640	1	0	1236	90
632	55.468190	8.762000	1	0	1236	90
633	55.468190	8.762000	1	0	1236	90
634	55.467380	8.749610	1	0	1236	90
635	55.464500	8.706870	1	0	1236	90
636	55.468190	8.762000	1	0	1236	90
637	55.464770	8.706800	1	0	1236	90
638	55.465440	8.720420	1	0	1236	90
639	55.464770	8.706800	1	0	1236	90
640	55.466160	8.730690	1	0	1236	90
641	55.467380	8.749610	1	0	1236	90
642	55.465210	8.716640	1	0	1236	90
643	55.467880	8.757390	1	0	1236	90
644	55.465210	8.716640	1	0	1236	90
645	55.464770	8.706800	1	0	1236	90
646	55.467880	8.757390	1	0	1236	90
647	55.464930	8.712740	1	0	1236	90
648	55.464500	8.706870	1	0	1236	90
649	55.464500	8.706870	1	0	1236	90
650	55.465440	8.720420	1	0	1236	90
651	55.464500	8.706870	1	0	1236	90
652	55.468380	8.765760	1	0	1236	90
653	55.467880	8.757390	1	0	1236	90
654	55.468190	8.762000	1	0	1236	90
655	55.464770	8.706800	1	0	1236	90
656	55.468380	8.765760	1	0	1236	90
657	55.468380	8.765760	1	0	1236	90
658	55.467880	8.757390	1	0	1236	90
659	55.467380	8.749610	1	0	1236	90
660	55.467880	8.757390	1	0	1236	90
661	55.465210	8.716640	1	0	1236	90
662	55.467880	8.757390	1	0	1236	90
663	55.467380	8.749610	1	0	1236	90
664	55.464500	8.706870	1	0	1236	90
665	55.466160	8.730690	1	0	1236	90
666	55.465440	8.720420	1	0	1236	90
667	55.468380	8.765760	1	0	1236	90
668	55.467880	8.757390	1	0	1236	90
669	55.464930	8.712740	1	0	1236	90
670	55.464930	8.712740	1	0	1236	90
671	55.464930	8.712740	1	0	1236	90
672	55.464770	8.706800	1	0	1236	90
673	55.467380	8.749610	1	0	1236	90
674	55.465210	8.716640	1	0	1236	90
675	55.467380	8.749610	1	0	1236	90
676	55.468380	8.765760	1	0	1236	90
677	55.465210	8.716640	1	0	1236	90
678	55.465210	8.716640	1	0	1236	90
679	55.464500	8.706870	1	0	1236	90
680	55.464930	8.712740	1	0	1236	90
681	55.467880	8.757390	1	0	1236	90
682	55.465440	8.720420	1	0	1236	90
683	55.467380	8.749610	1	0	1236	90
684	55.466160	8.730690	1	0	1236	90
685	55.464930	8.712740	1	0	1236	90
686	55.467380	8.749610	1	0	1236	90
687	55.468380	8.765760	1	0	1236	90
688	55.465440	8.720420	1	0	1236	90
689	55.464500	8.706870	1	0	1236	90
690	55.465210	8.716640	1	0	1236	90
691	55.464770	8.706800	1	0	1236	90
692	55.464930	8.712740	1	0	1236	90
693	55.468380	8.765760	1	0	1236	90
694	55.468380	8.765760	1	0	1236	90
695	55.468190	8.762000	1	0	1236	90
696	55.464930	8.712740	1	0	1236	90
697	55.466160	8.730690	1	0	1236	90
698	55.464500	8.706870	1	0	1236	90
699	55.467380	8.749610	1	0	1236	90
700	55.464500	8.706870	1	0	1236	90
701	55.465440	8.720420	1	0	1236	90
702	55.465440	8.720420	1	0	1236	90
703	55.467880	8.757390	1	0	1236	90
704	55.468380	8.765760	1	0	1236	90
705	55.468190	8.762000	1	0	1236	90
706	55.464500	8.706870	1	0	1236	90
707	55.464930	8.712740	1	0	1236	90
708	55.464930	8.712740	1	0	1236	90
709	55.467880	8.757390	1	0	1236	90
710	55.464770	8.706800	1	0	1236	90
711	55.464500	8.706870	1	0	1236	90
712	55.468190	8.762000	1	0	1236	90
713	55.464500	8.706870	1	0	1236	90
714	55.467380	8.749610	1	0	1236	90
715	55.464770	8.706800	1	0	1236	90
716	55.467380	8.749610	1	0	1236	90
717	55.467380	8.749610	1	0	1236	90
718	55.465440	8.720420	1	0	1236	90
719	55.468380	8.765760	1	0	1236	90
720	55.468190	8.762000	1	0	1236	90
721	54.934460	9.257490	1	0	1236	90
722	54.932990	9.256970	1	0	1236	90
723	54.935820	9.257940	1	0	1236	90
724	54.934460	9.257490	1	0	1236	90
725	54.936320	9.257880	1	0	1236	90
726	54.934460	9.257490	1	0	1236	90
727	54.936290	9.258140	1	0	1236	90
728	54.934460	9.257490	1	0	1236	90
729	54.933320	9.257100	1	0	1236	90
730	54.932990	9.256970	1	0	1236	90
731	54.934270	9.257460	1	0	1236	90
732	54.935040	9.257610	1	0	1236	90
733	54.936320	9.257880	1	0	1236	90
734	54.932990	9.256970	1	0	1236	90
735	54.934460	9.257490	1	0	1236	90
736	54.935820	9.257940	1	0	1236	90
737	54.932990	9.256970	1	0	1236	90
738	54.935040	9.257610	1	0	1236	90
739	54.933320	9.257100	1	0	1236	90
740	54.935040	9.257610	1	0	1236	90
741	54.935820	9.257940	1	0	1236	90
742	54.933320	9.257100	1	0	1236	90
743	54.934270	9.257460	1	0	1236	90
744	54.934270	9.257460	1	0	1236	90
745	54.933320	9.257100	1	0	1236	90
746	54.934270	9.257460	1	0	1236	90
747	54.933320	9.257100	1	0	1236	90
748	54.934460	9.257490	1	0	1236	90
749	54.932990	9.256970	1	0	1236	90
750	54.933320	9.257100	1	0	1236	90
751	54.936290	9.258140	1	0	1236	90
752	54.936320	9.257880	1	0	1236	90
753	54.935040	9.257610	1	0	1236	90
754	54.934810	9.257540	1	0	1236	90
755	54.935820	9.257940	1	0	1236	90
756	54.936320	9.257880	1	0	1236	90
757	54.933780	9.257250	1	0	1236	90
758	54.935040	9.257610	1	0	1236	90
759	54.933780	9.257250	1	0	1236	90
760	54.936320	9.257880	1	0	1236	90
761	54.934460	9.257490	1	0	1236	90
762	54.933780	9.257250	1	0	1236	90
763	54.932990	9.256970	1	0	1236	90
764	54.934270	9.257460	1	0	1236	90
765	54.934810	9.257540	1	0	1236	90
766	54.936290	9.258140	1	0	1236	90
767	54.935040	9.257610	1	0	1236	90
768	54.932990	9.256970	1	0	1236	90
769	54.936290	9.258140	1	0	1236	90
770	54.936290	9.258140	1	0	1236	90
771	54.934460	9.257490	1	0	1236	90
772	54.935040	9.257610	1	0	1236	90
773	54.933320	9.257100	1	0	1236	90
774	54.933320	9.257100	1	0	1236	90
775	54.933320	9.257100	1	0	1236	90
776	54.936290	9.258140	1	0	1236	90
777	54.935820	9.257940	1	0	1236	90
778	54.934270	9.257460	1	0	1236	90
779	54.936320	9.257880	1	0	1236	90
780	54.934810	9.257540	1	0	1236	90
781	54.934810	9.257540	1	0	1236	90
782	54.934270	9.257460	1	0	1236	90
783	54.935040	9.257610	1	0	1236	90
784	54.935040	9.257610	1	0	1236	90
785	54.934460	9.257490	1	0	1236	90
786	54.936320	9.257880	1	0	1236	90
787	54.934460	9.257490	1	0	1236	90
788	54.936320	9.257880	1	0	1236	90
789	54.935040	9.257610	1	0	1236	90
790	54.935820	9.257940	1	0	1236	90
791	54.936320	9.257880	1	0	1236	90
792	54.934270	9.257460	1	0	1236	90
793	54.936290	9.258140	1	0	1236	90
794	54.936320	9.257880	1	0	1236	90
795	54.933780	9.257250	1	0	1236	90
796	54.933320	9.257100	1	0	1236	90
797	54.936320	9.257880	1	0	1236	90
798	54.932990	9.256970	1	0	1236	90
799	54.934460	9.257490	1	0	1236	90
800	54.935820	9.257940	1	0	1236	90
801	54.936290	9.258140	1	0	1236	90
802	54.936320	9.257880	1	0	1236	90
803	54.936290	9.258140	1	0	1236	90
804	54.934810	9.257540	1	0	1236	90
805	54.936320	9.257880	1	0	1236	90
806	54.933320	9.257100	1	0	1236	90
807	54.935820	9.257940	1	0	1236	90
808	54.936290	9.258140	1	0	1236	90
809	54.935820	9.257940	1	0	1236	90
810	54.936290	9.258140	1	0	1236	90
811	54.933780	9.257250	1	0	1236	90
812	54.934270	9.257460	1	0	1236	90
813	54.936290	9.258140	1	0	1236	90
814	54.934270	9.257460	1	0	1236	90
815	54.934810	9.257540	1	0	1236	90
816	56.343730	8.344940	1	0	1236	90
817	56.344220	8.346060	1	0	1236	90
818	56.348150	8.350700	1	0	1236	90
819	56.343620	8.345210	1	0	1236	90
820	56.343710	8.345330	1	0	1236	90
821	56.343730	8.344940	1	0	1236	90
822	56.347280	8.349970	1	0	1236	90
823	56.344220	8.346060	1	0	1236	90
824	56.345690	8.348210	1	0	1236	90
825	56.347280	8.349970	1	0	1236	90
826	56.344220	8.346060	1	0	1236	90
827	56.347280	8.349970	1	0	1236	90
828	56.346240	8.348850	1	0	1236	90
829	56.346240	8.348850	1	0	1236	90
830	56.348150	8.350700	1	0	1236	90
831	56.347830	8.350470	1	0	1236	90
832	56.345690	8.348210	1	0	1236	90
833	56.343730	8.344940	1	0	1236	90
834	56.345690	8.348210	1	0	1236	90
835	56.346240	8.348850	1	0	1236	90
836	56.345690	8.348210	1	0	1236	90
837	56.345690	8.348210	1	0	1236	90
838	56.345690	8.348210	1	0	1236	90
839	56.345690	8.348210	1	0	1236	90
840	56.347830	8.350470	1	0	1236	90
841	56.347830	8.350470	1	0	1236	90
842	56.345320	8.347660	1	0	1236	90
843	56.348150	8.350700	1	0	1236	90
844	56.348150	8.350700	1	0	1236	90
845	56.343710	8.345330	1	0	1236	90
846	56.346240	8.348850	1	0	1236	90
847	56.343710	8.345330	1	0	1236	90
848	56.347830	8.350470	1	0	1236	90
849	56.345320	8.347660	1	0	1236	90
850	56.347830	8.350470	1	0	1236	90
851	56.345690	8.348210	1	0	1236	90
852	56.343710	8.345330	1	0	1236	90
853	56.347830	8.350470	1	0	1236	90
854	56.343730	8.344940	1	0	1236	90
855	56.345320	8.347660	1	0	1236	90
856	56.345690	8.348210	1	0	1236	90
857	56.347280	8.349970	1	0	1236	90
858	56.343620	8.345210	1	0	1236	90
859	56.346240	8.348850	1	0	1236	90
860	56.344220	8.346060	1	0	1236	90
861	56.343710	8.345330	1	0	1236	90
862	56.348150	8.350700	1	0	1236	90
863	56.343620	8.345210	1	0	1236	90
864	56.348150	8.350700	1	0	1236	90
865	56.347830	8.350470	1	0	1236	90
866	56.347830	8.350470	1	0	1236	90
867	56.347830	8.350470	1	0	1236	90
868	56.346240	8.348850	1	0	1236	90
869	56.346240	8.348850	1	0	1236	90
870	56.344220	8.346060	1	0	1236	90
871	56.343620	8.345210	1	0	1236	90
872	56.345690	8.348210	1	0	1236	90
873	56.347830	8.350470	1	0	1236	90
874	56.347830	8.350470	1	0	1236	90
875	56.345320	8.347660	1	0	1236	90
876	56.348150	8.350700	1	0	1236	90
877	56.344220	8.346060	1	0	1236	90
878	56.343620	8.345210	1	0	1236	90
879	56.347830	8.350470	1	0	1236	90
880	56.343730	8.344940	1	0	1236	90
881	56.345690	8.348210	1	0	1236	90
882	56.346240	8.348850	1	0	1236	90
883	56.347830	8.350470	1	0	1236	90
884	56.345320	8.347660	1	0	1236	90
885	56.345690	8.348210	1	0	1236	90
886	56.345690	8.348210	1	0	1236	90
887	56.343730	8.344940	1	0	1236	90
888	56.347280	8.349970	1	0	1236	90
889	56.343620	8.345210	1	0	1236	90
890	56.343710	8.345330	1	0	1236	90
891	56.345690	8.348210	1	0	1236	90
892	56.345320	8.347660	1	0	1236	90
893	56.345690	8.348210	1	0	1236	90
894	56.343730	8.344940	1	0	1236	90
895	56.345320	8.347660	1	0	1236	90
896	56.346240	8.348850	1	0	1236	90
897	56.345320	8.347660	1	0	1236	90
898	56.346240	8.348850	1	0	1236	90
899	56.345320	8.347660	1	0	1236	90
900	56.343710	8.345330	1	0	1236	90
901	56.345690	8.348210	1	0	1236	90
902	56.344220	8.346060	1	0	1236	90
903	56.345320	8.347660	1	0	1236	90
904	56.343730	8.344940	1	0	1236	90
905	56.343620	8.345210	1	0	1236	90
906	56.346240	8.348850	1	0	1236	90
907	56.343730	8.344940	1	0	1236	90
908	56.344220	8.346060	1	0	1236	90
909	56.347830	8.350470	1	0	1236	90
910	56.343730	8.344940	1	0	1236	90
911	56.347830	8.350470	1	0	1236	90
912	56.345320	8.347660	1	0	1236	90
913	55.616030	8.484400	1	0	1236	90
914	55.618030	8.488460	1	0	1236	90
915	55.616720	8.486390	1	0	1236	90
916	55.617440	8.487860	1	0	1236	90
917	55.617230	8.487550	1	0	1236	90
918	55.618030	8.488460	1	0	1236	90
919	55.616720	8.486390	1	0	1236	90
920	55.616720	8.486390	1	0	1236	90
921	55.617110	8.487290	1	0	1236	90
922	55.617440	8.487860	1	0	1236	90
923	55.617810	8.488310	1	0	1236	90
924	55.616720	8.486390	1	0	1236	90
925	55.616720	8.486390	1	0	1236	90
926	55.616180	8.484240	1	0	1236	90
927	55.616030	8.484400	1	0	1236	90
928	55.618220	8.488570	1	0	1236	90
929	55.616280	8.485140	1	0	1236	90
930	55.617810	8.488310	1	0	1236	90
931	55.617110	8.487290	1	0	1236	90
932	55.617230	8.487550	1	0	1236	90
933	55.617440	8.487860	1	0	1236	90
934	55.618220	8.488570	1	0	1236	90
935	55.616030	8.484400	1	0	1236	90
936	55.616030	8.484400	1	0	1236	90
937	55.617810	8.488310	1	0	1236	90
938	55.616720	8.486390	1	0	1236	90
939	55.618030	8.488460	1	0	1236	90
940	55.616280	8.485140	1	0	1236	90
941	55.617230	8.487550	1	0	1236	90
942	55.618220	8.488570	1	0	1236	90
943	55.616720	8.486390	1	0	1236	90
944	55.618220	8.488570	1	0	1236	90
945	55.616180	8.484240	1	0	1236	90
946	55.616720	8.486390	1	0	1236	90
947	55.617230	8.487550	1	0	1236	90
948	55.617110	8.487290	1	0	1236	90
949	55.617230	8.487550	1	0	1236	90
950	55.617810	8.488310	1	0	1236	90
951	55.616720	8.486390	1	0	1236	90
952	55.617440	8.487860	1	0	1236	90
953	55.618220	8.488570	1	0	1236	90
954	55.617230	8.487550	1	0	1236	90
955	55.617230	8.487550	1	0	1236	90
956	55.617810	8.488310	1	0	1236	90
957	55.617810	8.488310	1	0	1236	90
958	55.617110	8.487290	1	0	1236	90
959	55.617810	8.488310	1	0	1236	90
960	55.617440	8.487860	1	0	1236	90
961	55.616280	8.485140	1	0	1236	90
962	55.616030	8.484400	1	0	1236	90
963	55.617110	8.487290	1	0	1236	90
964	55.616280	8.485140	1	0	1236	90
965	55.618030	8.488460	1	0	1236	90
966	55.617440	8.487860	1	0	1236	90
967	55.617110	8.487290	1	0	1236	90
968	55.616030	8.484400	1	0	1236	90
969	55.616030	8.484400	1	0	1236	90
970	55.616720	8.486390	1	0	1236	90
971	55.618030	8.488460	1	0	1236	90
972	55.617440	8.487860	1	0	1236	90
973	55.617440	8.487860	1	0	1236	90
974	55.616030	8.484400	1	0	1236	90
975	55.616180	8.484240	1	0	1236	90
976	55.617440	8.487860	1	0	1236	90
977	55.618030	8.488460	1	0	1236	90
978	55.617440	8.487860	1	0	1236	90
979	55.617230	8.487550	1	0	1236	90
980	55.617110	8.487290	1	0	1236	90
981	55.618030	8.488460	1	0	1236	90
982	55.617110	8.487290	1	0	1236	90
983	55.616030	8.484400	1	0	1236	90
984	55.616180	8.484240	1	0	1236	90
985	55.616720	8.486390	1	0	1236	90
986	55.616180	8.484240	1	0	1236	90
987	55.616720	8.486390	1	0	1236	90
988	55.618030	8.488460	1	0	1236	90
989	55.617230	8.487550	1	0	1236	90
990	55.618220	8.488570	1	0	1236	90
991	55.617110	8.487290	1	0	1236	90
992	55.616280	8.485140	1	0	1236	90
993	55.617110	8.487290	1	0	1236	90
994	55.618030	8.488460	1	0	1236	90
995	55.617230	8.487550	1	0	1236	90
996	55.618030	8.488460	1	0	1236	90
997	55.617810	8.488310	1	0	1236	90
998	55.616280	8.485140	1	0	1236	90
999	55.616720	8.486390	1	0	1236	90
1000	55.616030	8.484400	1	0	1236	90
1001	55.616720	8.486390	1	0	1236	90
1002	55.617440	8.487860	1	0	1236	90
1003	55.616180	8.484240	1	0	1236	90
1004	55.617810	8.488310	1	0	1236	90
1005	55.616030	8.484400	1	0	1236	90
1006	55.616180	8.484240	1	0	1236	90
1007	55.618030	8.488460	1	0	1236	90
Exact1000
 
VEHICLE
NUMBER     CAPACITY
  8           1


CUSTOMER						
CUST NO,   XCOORD,	YCOORD,      DEMAND  READY TIME DUE DATE SERVICE TIME   
						
0	55.179139	8.749196	0	0	1236	0
1	55.58866602	8.98256114	0	0	1236	0
2	56.11758898	8.77631721	0	0	1236	0
3	55.87980655	9.02069012	0	0	1236	0
4	56.46786022	10.15187434	0	0	1236	0
5	56.78868223	9.6314021	0	0	1236	0
6	55.09213876	9.41740446	0	0	1236	0
7	55.264818	9.402603	0	0	1236	0
8	55.803040	9.702290	1	0	1236	90
9	56.149460	10.190430	1	0	1236	90
10	55.712320	9.544400	1	0	1236	90
11	57.724480	10.559290	1	0	1236	90
12	56.968200	9.856440	1	0	1236	90
13	56.490780	9.934980	1	0	1236	90
14	56.283610	10.097230	1	0	1236	90
15	55.208150	9.301820	1	0	1236	90
16	55.322240	9.283780	1	0	1236	90
17	55.535150	9.709190	1	0	1236	90
18	56.167510	10.062380	1	0	1236	90
19	55.497870	9.328420	1	0	1236	90
20	56.029120	9.901540	1	0	1236	90
21	56.059430	9.977380	1	0	1236	90
22	55.684730	9.653380	1	0	1236	90
23	56.932630	9.873850	1	0	1236	90
24	57.003130	9.889080	1	0	1236	90
25	55.943230	9.963800	1	0	1236	90
26	56.932630	9.873850	1	0	1236	90
27	56.148190	10.136050	1	0	1236	90
28	56.353930	9.917780	1	0	1236	90
29	55.585170	9.720970	1	0	1236	90
30	55.708610	9.567170	1	0	1236	90
31	57.723910	10.592090	1	0	1236	90
32	56.443950	10.006780	1	0	1236	90
33	56.669920	9.812120	1	0	1236	90
34	56.688520	9.828280	1	0	1236	90
35	56.346580	10.006450	1	0	1236	90
36	56.317970	10.065060	1	0	1236	90
37	56.346580	10.006450	1	0	1236	90
38	56.167510	10.062380	1	0	1236	90
39	55.477500	9.302690	1	0	1236	90
40	56.043270	9.922940	1	0	1236	90
41	55.528820	9.540470	1	0	1236	90
42	55.787450	9.700010	1	0	1236	90
43	56.117610	10.115380	1	0	1236	90
44	57.041750	9.917520	1	0	1236	90
45	55.488020	9.466890	1	0	1236	90
46	56.050220	9.937170	1	0	1236	90
47	57.693410	10.490460	1	0	1236	90
48	56.167510	10.062380	1	0	1236	90
49	55.880380	9.826600	1	0	1236	90
50	55.502320	9.712350	1	0	1236	90
51	56.148190	10.136050	1	0	1236	90
52	56.212160	10.102870	1	0	1236	90
53	56.149450	10.194260	1	0	1236	90
54	56.579080	9.747160	1	0	1236	90
55	55.854770	9.808830	1	0	1236	90
56	56.234560	10.069490	1	0	1236	90
57	56.218750	10.098250	1	0	1236	90
58	56.117610	10.115380	1	0	1236	90
59	55.708480	9.597040	1	0	1236	90
60	55.123290	9.338810	1	0	1236	90
61	56.317970	10.065060	1	0	1236	90
62	56.101460	10.098750	1	0	1236	90
63	55.303750	9.291450	1	0	1236	90
64	56.943070	9.877330	1	0	1236	90
65	55.758370	9.698340	1	0	1236	90
66	55.489430	9.312530	1	0	1236	90
67	56.762950	9.856690	1	0	1236	90
68	57.041750	9.917520	1	0	1236	90
69	57.547630	10.408030	1	0	1236	90
70	55.589120	9.699400	1	0	1236	90
71	55.889240	9.830260	1	0	1236	90
72	55.708480	9.597040	1	0	1236	90
73	55.208150	9.301820	1	0	1236	90
74	55.589120	9.699400	1	0	1236	90
75	55.642820	9.650970	1	0	1236	90
76	56.149550	10.200810	1	0	1236	90
77	56.059430	9.977380	1	0	1236	90
78	56.144180	10.176430	1	0	1236	90
79	55.690710	9.603040	1	0	1236	90
80	56.806930	9.876110	1	0	1236	90
81	56.264550	10.060740	1	0	1236	90
82	57.625070	10.435480	1	0	1236	90
83	55.507240	9.703290	1	0	1236	90
84	56.373650	9.894100	1	0	1236	90
85	55.477500	9.302690	1	0	1236	90
86	55.501820	9.732550	1	0	1236	90
87	55.459590	9.300040	1	0	1236	90
88	56.036440	9.901070	1	0	1236	90
89	56.227340	10.087610	1	0	1236	90
90	56.036440	9.901070	1	0	1236	90
91	54.995020	9.284570	1	0	1236	90
92	57.016590	9.910260	1	0	1236	90
93	57.489630	10.490690	1	0	1236	90
94	55.571750	9.741080	1	0	1236	90
95	57.539710	9.950880	1	0	1236	90
96	57.531110	9.949430	1	0	1236	90
97	57.586090	9.976110	1	0	1236	90
98	57.498510	9.948110	1	0	1236	90
99	57.539160	9.950550	1	0	1236	90
100	57.475180	9.967200	1	0	1236	90
101	57.466260	9.959900	1	0	1236	90
102	57.460200	9.962990	1	0	1236	90
103	57.454440	9.974140	1	0	1236	90
104	57.536940	9.949920	1	0	1236	90
105	57.457670	9.965310	1	0	1236	90
106	57.556330	9.970130	1	0	1236	90
107	57.557960	9.971640	1	0	1236	90
108	57.472450	9.964870	1	0	1236	90
109	57.474750	9.966970	1	0	1236	90
110	57.530740	9.949490	1	0	1236	90
111	57.464410	9.960080	1	0	1236	90
112	57.461870	9.961520	1	0	1236	90
113	57.462960	9.960720	1	0	1236	90
114	57.461870	9.961520	1	0	1236	90
115	57.467650	9.960240	1	0	1236	90
116	57.561650	9.973750	1	0	1236	90
117	57.455830	9.968600	1	0	1236	90
118	57.464410	9.960080	1	0	1236	90
119	57.519230	9.950280	1	0	1236	90
120	57.530440	9.949570	1	0	1236	90
121	57.456120	9.967880	1	0	1236	90
122	57.526460	9.951440	1	0	1236	90
123	57.454460	9.973740	1	0	1236	90
124	57.455550	9.979950	1	0	1236	90
125	57.499330	9.947680	1	0	1236	90
126	57.562440	9.974110	1	0	1236	90
127	57.455550	9.979950	1	0	1236	90
128	57.465280	9.959890	1	0	1236	90
129	57.588430	9.974060	1	0	1236	90
130	57.591620	9.965000	1	0	1236	90
131	57.568420	9.976290	1	0	1236	90
132	57.505250	9.948150	1	0	1236	90
133	57.573590	9.978190	1	0	1236	90
134	57.556330	9.970130	1	0	1236	90
135	57.497600	9.948950	1	0	1236	90
136	57.464870	9.959960	1	0	1236	90
137	57.590930	9.968850	1	0	1236	90
138	57.454700	9.976800	1	0	1236	90
139	57.482080	9.968950	1	0	1236	90
140	57.575510	9.978760	1	0	1236	90
141	57.531420	9.949420	1	0	1236	90
142	57.498630	9.948030	1	0	1236	90
143	57.557000	9.970880	1	0	1236	90
144	57.475650	9.967420	1	0	1236	90
145	57.462960	9.960720	1	0	1236	90
146	57.455830	9.968600	1	0	1236	90
147	57.485520	9.967660	1	0	1236	90
148	57.586980	9.975630	1	0	1236	90
149	57.591470	9.966300	1	0	1236	90
150	57.454430	9.974680	1	0	1236	90
151	57.476030	9.967540	1	0	1236	90
152	57.505250	9.948150	1	0	1236	90
153	57.590930	9.968850	1	0	1236	90
154	57.552770	9.965880	1	0	1236	90
155	57.540570	9.951520	1	0	1236	90
156	57.591780	9.962220	1	0	1236	90
157	57.498850	9.947900	1	0	1236	90
158	57.545680	9.957450	1	0	1236	90
159	57.499330	9.947680	1	0	1236	90
160	57.457120	9.966040	1	0	1236	90
161	57.514600	9.949590	1	0	1236	90
162	57.588430	9.974060	1	0	1236	90
163	57.497210	9.949450	1	0	1236	90
164	57.539160	9.950550	1	0	1236	90
165	57.521240	9.950590	1	0	1236	90
166	57.523430	9.950920	1	0	1236	90
167	57.557390	9.971270	1	0	1236	90
168	57.560530	9.973100	1	0	1236	90
169	57.526460	9.951440	1	0	1236	90
170	57.481810	9.968930	1	0	1236	90
171	57.498630	9.948030	1	0	1236	90
172	57.472450	9.964870	1	0	1236	90
173	57.460200	9.962990	1	0	1236	90
174	57.454440	9.974140	1	0	1236	90
175	56.281340	10.322670	1	0	1236	90
176	56.217880	10.207120	1	0	1236	90
177	56.328400	10.319580	1	0	1236	90
178	56.218730	10.206830	1	0	1236	90
179	56.371540	10.821890	1	0	1236	90
180	56.256460	10.296600	1	0	1236	90
181	56.287800	10.326440	1	0	1236	90
182	56.409060	10.872000	1	0	1236	90
183	56.357950	10.451480	1	0	1236	90
184	56.363850	10.584660	1	0	1236	90
185	56.191980	10.238340	1	0	1236	90
186	56.191980	10.238340	1	0	1236	90
187	56.225360	10.211890	1	0	1236	90
188	56.259270	10.300340	1	0	1236	90
189	56.252660	10.288020	1	0	1236	90
190	56.217080	10.207570	1	0	1236	90
191	56.187150	10.238690	1	0	1236	90
192	56.366150	10.619090	1	0	1236	90
193	56.373850	10.476070	1	0	1236	90
194	56.308350	10.304350	1	0	1236	90
195	56.372020	10.823440	1	0	1236	90
196	56.268320	10.310400	1	0	1236	90
197	56.386220	10.867390	1	0	1236	90
198	56.291900	10.323720	1	0	1236	90
199	56.347610	10.747690	1	0	1236	90
200	56.199120	10.233510	1	0	1236	90
201	56.186060	10.238140	1	0	1236	90
202	56.182820	10.236100	1	0	1236	90
203	56.211940	10.220360	1	0	1236	90
204	56.345400	10.397710	1	0	1236	90
205	56.389330	10.871580	1	0	1236	90
206	56.343880	10.337730	1	0	1236	90
207	56.161780	10.215700	1	0	1236	90
208	56.193070	10.237920	1	0	1236	90
209	56.376110	10.517750	1	0	1236	90
210	56.186060	10.238140	1	0	1236	90
211	56.357950	10.451480	1	0	1236	90
212	56.182820	10.236100	1	0	1236	90
213	56.261740	10.302870	1	0	1236	90
214	56.338300	10.360320	1	0	1236	90
215	56.278490	10.320010	1	0	1236	90
216	56.345330	10.344260	1	0	1236	90
217	56.373190	10.827010	1	0	1236	90
218	56.355960	10.655340	1	0	1236	90
219	56.372020	10.823440	1	0	1236	90
220	56.222830	10.208110	1	0	1236	90
221	56.374950	10.831930	1	0	1236	90
222	56.353070	10.668740	1	0	1236	90
223	56.365790	10.622420	1	0	1236	90
224	56.340720	10.332200	1	0	1236	90
225	56.337420	10.326770	1	0	1236	90
226	56.352010	10.777110	1	0	1236	90
227	56.365410	10.462520	1	0	1236	90
228	56.344820	10.697810	1	0	1236	90
229	56.345330	10.344260	1	0	1236	90
230	56.379020	10.506480	1	0	1236	90
231	56.291140	10.324640	1	0	1236	90
232	56.355850	10.648160	1	0	1236	90
233	56.176700	10.230740	1	0	1236	90
234	56.156060	10.212760	1	0	1236	90
235	56.337420	10.326770	1	0	1236	90
236	56.312390	10.307360	1	0	1236	90
237	56.362880	10.587700	1	0	1236	90
238	56.366100	10.617340	1	0	1236	90
239	56.224160	10.209660	1	0	1236	90
240	56.345060	10.695940	1	0	1236	90
241	56.408450	10.871580	1	0	1236	90
242	56.408450	10.871580	1	0	1236	90
243	56.310440	10.305840	1	0	1236	90
244	56.152710	10.213420	1	0	1236	90
245	56.371280	10.571150	1	0	1236	90
246	56.363740	10.458970	1	0	1236	90
247	56.169550	10.222510	1	0	1236	90
248	56.342340	10.335010	1	0	1236	90
249	56.388810	10.871070	1	0	1236	90
250	56.293240	10.321580	1	0	1236	90
251	56.181750	10.235440	1	0	1236	90
252	56.191980	10.238340	1	0	1236	90
253	56.362220	10.594470	1	0	1236	90
254	56.233580	10.254020	1	0	1236	90
255	56.295030	10.318980	1	0	1236	90
256	56.377740	10.511430	1	0	1236	90
257	56.309050	10.304790	1	0	1236	90
258	56.234070	10.255220	1	0	1236	90
259	56.191980	10.238340	1	0	1236	90
260	56.353200	10.779080	1	0	1236	90
261	56.362220	10.594470	1	0	1236	90
262	56.412570	10.879580	1	0	1236	90
263	56.375920	10.479250	1	0	1236	90
264	56.363740	10.458970	1	0	1236	90
265	56.262790	10.304190	1	0	1236	90
266	56.410470	10.874340	1	0	1236	90
267	56.226260	10.214760	1	0	1236	90
268	56.158590	10.213750	1	0	1236	90
269	56.232450	10.244930	1	0	1236	90
270	56.367080	10.801880	1	0	1236	90
271	56.369690	8.567030	1	0	1236	90
272	55.590610	8.448820	1	0	1236	90
273	56.098460	8.246360	1	0	1236	90
274	56.955080	8.669790	1	0	1236	90
275	55.453660	8.728360	1	0	1236	90
276	55.814550	8.623650	1	0	1236	90
277	55.862030	8.568960	1	0	1236	90
278	56.557950	8.566310	1	0	1236	90
279	56.283280	8.327990	1	0	1236	90
280	56.957890	8.602450	1	0	1236	90
281	56.369630	8.621190	1	0	1236	90
282	56.901110	8.534250	1	0	1236	90
283	56.095040	8.247760	1	0	1236	90
284	56.199840	8.308040	1	0	1236	90
285	55.314860	8.763510	1	0	1236	90
286	55.510090	8.457300	1	0	1236	90
287	56.817240	8.431680	1	0	1236	90
288	56.491040	8.605450	1	0	1236	90
289	56.704230	8.403660	1	0	1236	90
290	55.725770	8.602000	1	0	1236	90
291	54.950230	8.856040	1	0	1236	90
292	55.612450	8.473200	1	0	1236	90
293	55.155510	8.775710	1	0	1236	90
294	55.905730	8.526220	1	0	1236	90
295	56.700950	8.404490	1	0	1236	90
296	55.522500	8.449630	1	0	1236	90
297	55.612450	8.473200	1	0	1236	90
298	56.527280	8.551440	1	0	1236	90
299	56.639450	8.549630	1	0	1236	90
300	56.023700	8.386980	1	0	1236	90
301	55.820870	8.621540	1	0	1236	90
302	55.477570	8.463000	1	0	1236	90
303	56.380640	8.623820	1	0	1236	90
304	56.023700	8.386980	1	0	1236	90
305	56.830550	8.465430	1	0	1236	90
306	56.956890	8.614700	1	0	1236	90
307	56.658430	8.470170	1	0	1236	90
308	56.521940	8.558880	1	0	1236	90
309	56.483810	8.610100	1	0	1236	90
310	56.960460	8.636720	1	0	1236	90
311	56.698260	8.403100	1	0	1236	90
312	56.753250	8.418640	1	0	1236	90
313	56.748530	8.417400	1	0	1236	90
314	56.791140	8.399100	1	0	1236	90
315	56.397670	8.638040	1	0	1236	90
316	55.835070	8.606310	1	0	1236	90
317	56.938880	8.571920	1	0	1236	90
318	55.530370	8.443590	1	0	1236	90
319	55.008560	8.802020	1	0	1236	90
320	55.185750	8.743100	1	0	1236	90
321	56.587790	8.528350	1	0	1236	90
322	56.481720	8.609650	1	0	1236	90
323	56.123990	8.275640	1	0	1236	90
324	56.905460	8.539930	1	0	1236	90
325	55.059760	8.824470	1	0	1236	90
326	55.590610	8.448820	1	0	1236	90
327	55.470330	8.546310	1	0	1236	90
328	56.655160	8.510710	1	0	1236	90
329	55.502980	8.458730	1	0	1236	90
330	56.753250	8.418640	1	0	1236	90
331	56.095040	8.247760	1	0	1236	90
332	55.470650	8.460050	1	0	1236	90
333	56.678640	8.397280	1	0	1236	90
334	56.717070	8.399720	1	0	1236	90
335	56.721250	8.406290	1	0	1236	90
336	56.656530	8.499790	1	0	1236	90
337	56.491040	8.605450	1	0	1236	90
338	56.582830	8.545770	1	0	1236	90
339	55.848290	8.579840	1	0	1236	90
340	56.795030	8.403550	1	0	1236	90
341	55.891140	8.542370	1	0	1236	90
342	56.375110	8.514230	1	0	1236	90
343	56.421380	8.644630	1	0	1236	90
344	56.493440	8.587440	1	0	1236	90
345	56.483810	8.610100	1	0	1236	90
346	56.952020	8.588200	1	0	1236	90
347	56.795030	8.403550	1	0	1236	90
348	55.461160	8.723230	1	0	1236	90
349	55.870240	8.563210	1	0	1236	90
350	56.252290	8.322300	1	0	1236	90
351	55.314860	8.763510	1	0	1236	90
352	55.415060	8.736580	1	0	1236	90
353	55.464190	8.702470	1	0	1236	90
354	56.664290	8.451520	1	0	1236	90
355	56.817240	8.431680	1	0	1236	90
356	56.709120	8.399880	1	0	1236	90
357	55.461160	8.723230	1	0	1236	90
358	56.881190	8.523890	1	0	1236	90
359	56.520630	8.874610	1	0	1236	90
360	56.396440	9.848830	1	0	1236	90
361	56.549470	8.951000	1	0	1236	90
362	56.549550	9.074300	1	0	1236	90
363	56.398530	9.837130	1	0	1236	90
364	56.385480	9.714340	1	0	1236	90
365	56.549580	9.084410	1	0	1236	90
366	56.530080	8.920580	1	0	1236	90
367	56.480060	8.610010	1	0	1236	90
368	56.558700	9.047720	1	0	1236	90
369	56.561430	8.977330	1	0	1236	90
370	56.454930	9.282970	1	0	1236	90
371	56.377320	9.675060	1	0	1236	90
372	56.491780	9.139790	1	0	1236	90
373	56.558700	9.047720	1	0	1236	90
374	56.454930	9.282970	1	0	1236	90
375	56.451650	9.385140	1	0	1236	90
376	56.421130	9.402990	1	0	1236	90
377	56.349650	9.543650	1	0	1236	90
378	56.558700	9.047720	1	0	1236	90
379	56.551260	9.091500	1	0	1236	90
380	56.398530	9.837130	1	0	1236	90
381	56.421130	9.402990	1	0	1236	90
382	56.396400	9.807300	1	0	1236	90
383	56.499420	8.837070	1	0	1236	90
384	56.387340	9.440890	1	0	1236	90
385	56.514550	8.855870	1	0	1236	90
386	56.552010	9.095880	1	0	1236	90
387	56.355570	9.479000	1	0	1236	90
388	56.350250	9.577100	1	0	1236	90
389	56.396400	9.807300	1	0	1236	90
390	56.350590	9.513320	1	0	1236	90
391	56.452780	9.326130	1	0	1236	90
392	56.354790	9.490160	1	0	1236	90
393	56.452820	9.351230	1	0	1236	90
394	56.393370	9.752860	1	0	1236	90
395	56.387800	9.865340	1	0	1236	90
396	56.398530	9.837130	1	0	1236	90
397	56.473790	8.616240	1	0	1236	90
398	56.354410	9.493620	1	0	1236	90
399	56.489570	9.144330	1	0	1236	90
400	56.551260	9.091500	1	0	1236	90
401	56.350490	9.582650	1	0	1236	90
402	56.484280	8.610400	1	0	1236	90
403	56.475190	9.228750	1	0	1236	90
404	56.478980	8.610490	1	0	1236	90
405	56.398560	9.836360	1	0	1236	90
406	56.349940	9.553890	1	0	1236	90
407	56.349460	9.546510	1	0	1236	90
408	56.560870	9.028280	1	0	1236	90
409	56.367880	9.617320	1	0	1236	90
410	56.350730	9.509520	1	0	1236	90
411	56.549580	9.084410	1	0	1236	90
412	56.482440	8.781550	1	0	1236	90
413	56.559590	8.972150	1	0	1236	90
414	56.467850	8.638400	1	0	1236	90
415	56.350310	9.535690	1	0	1236	90
416	56.509120	9.117620	1	0	1236	90
417	56.349650	9.543650	1	0	1236	90
418	56.352280	9.590100	1	0	1236	90
419	56.464970	9.262490	1	0	1236	90
420	56.375940	9.450040	1	0	1236	90
421	56.487420	9.150120	1	0	1236	90
422	56.488030	8.612240	1	0	1236	90
423	56.383530	9.894190	1	0	1236	90
424	56.538600	8.936920	1	0	1236	90
425	56.393370	9.752860	1	0	1236	90
426	56.562920	8.982380	1	0	1236	90
427	56.486680	9.152640	1	0	1236	90
428	56.519560	8.869950	1	0	1236	90
429	56.390700	9.859490	1	0	1236	90
430	56.400360	9.434040	1	0	1236	90
431	56.482660	8.609690	1	0	1236	90
432	56.512820	8.852580	1	0	1236	90
433	56.350730	9.509520	1	0	1236	90
434	56.442060	9.403160	1	0	1236	90
435	56.490010	8.610060	1	0	1236	90
436	56.374940	9.662400	1	0	1236	90
437	56.468070	9.255010	1	0	1236	90
438	56.566370	9.005480	1	0	1236	90
439	56.519560	8.869950	1	0	1236	90
440	56.442690	9.403550	1	0	1236	90
441	56.473890	9.215970	1	0	1236	90
442	56.477360	9.193740	1	0	1236	90
443	56.478750	8.760310	1	0	1236	90
444	56.558700	9.047720	1	0	1236	90
445	56.388870	9.862640	1	0	1236	90
446	56.398530	9.837130	1	0	1236	90
447	56.452740	9.347860	1	0	1236	90
448	56.546510	8.945520	1	0	1236	90
449	56.482380	9.168690	1	0	1236	90
450	56.402440	9.432300	1	0	1236	90
451	56.350550	9.559910	1	0	1236	90
452	56.342790	8.643400	1	0	1236	90
453	55.726870	9.534650	1	0	1236	90
454	55.936120	9.159210	1	0	1236	90
455	56.016060	9.110940	1	0	1236	90
456	56.134050	8.953140	1	0	1236	90
457	55.778490	9.317500	1	0	1236	90
458	55.897760	9.241770	1	0	1236	90
459	56.263380	8.788420	1	0	1236	90
460	56.171250	8.833970	1	0	1236	90
461	56.092370	9.039810	1	0	1236	90
462	55.759240	9.518340	1	0	1236	90
463	55.929580	9.190480	1	0	1236	90
464	55.753200	9.535650	1	0	1236	90
465	55.753200	9.535650	1	0	1236	90
466	56.100000	9.029210	1	0	1236	90
467	56.149630	8.906790	1	0	1236	90
468	55.790970	9.270600	1	0	1236	90
469	56.188680	8.769720	1	0	1236	90
470	56.092370	9.039810	1	0	1236	90
471	55.710730	9.538280	1	0	1236	90
472	55.965860	9.112330	1	0	1236	90
473	55.941000	9.138080	1	0	1236	90
474	56.044740	9.096880	1	0	1236	90
475	56.169810	8.842200	1	0	1236	90
476	56.147880	8.910770	1	0	1236	90
477	56.132650	8.977270	1	0	1236	90
478	56.234350	8.779370	1	0	1236	90
479	56.187180	8.772560	1	0	1236	90
480	55.757240	9.378300	1	0	1236	90
481	55.707190	9.537270	1	0	1236	90
482	55.961620	9.113510	1	0	1236	90
483	56.180250	8.799080	1	0	1236	90
484	56.057830	9.090380	1	0	1236	90
485	55.850600	9.228670	1	0	1236	90
486	56.132650	8.977270	1	0	1236	90
487	55.790970	9.270600	1	0	1236	90
488	55.730080	9.534500	1	0	1236	90
489	55.722540	9.534640	1	0	1236	90
490	56.361810	8.607960	1	0	1236	90
491	56.044740	9.096880	1	0	1236	90
492	55.771960	9.337380	1	0	1236	90
493	56.365310	8.620900	1	0	1236	90
494	55.750100	9.534810	1	0	1236	90
495	56.157020	8.896020	1	0	1236	90
496	55.718670	9.535610	1	0	1236	90
497	56.083880	9.058580	1	0	1236	90
498	56.257120	8.786790	1	0	1236	90
499	55.759510	9.515430	1	0	1236	90
500	55.767760	9.451720	1	0	1236	90
501	55.744080	9.538600	1	0	1236	90
502	55.992630	9.110950	1	0	1236	90
503	56.063360	9.086070	1	0	1236	90
504	56.356710	8.603820	1	0	1236	90
505	55.936120	9.159210	1	0	1236	90
506	56.358340	8.602990	1	0	1236	90
507	55.815200	9.250410	1	0	1236	90
508	56.360810	8.604640	1	0	1236	90
509	55.733390	9.535020	1	0	1236	90
510	56.169810	8.842200	1	0	1236	90
511	55.716420	9.536030	1	0	1236	90
512	55.757950	9.529880	1	0	1236	90
513	55.841430	9.241220	1	0	1236	90
514	56.281600	8.753340	1	0	1236	90
515	56.010520	9.111920	1	0	1236	90
516	55.955610	9.117220	1	0	1236	90
517	56.278250	8.759550	1	0	1236	90
518	56.257120	8.786790	1	0	1236	90
519	56.316150	8.716180	1	0	1236	90
520	55.995740	9.110330	1	0	1236	90
521	56.171250	8.833970	1	0	1236	90
522	56.186390	8.775340	1	0	1236	90
523	55.737660	9.534740	1	0	1236	90
524	55.802980	9.253720	1	0	1236	90
525	56.166960	8.866990	1	0	1236	90
526	56.147880	8.910770	1	0	1236	90
527	55.908710	9.252280	1	0	1236	90
528	55.753200	9.535650	1	0	1236	90
529	55.926610	9.211610	1	0	1236	90
530	55.943130	9.132970	1	0	1236	90
531	55.821570	9.246740	1	0	1236	90
532	55.919040	9.252170	1	0	1236	90
533	55.709450	9.537710	1	0	1236	90
534	55.706670	9.537100	1	0	1236	90
535	56.191690	8.767620	1	0	1236	90
536	55.945330	9.128760	1	0	1236	90
537	55.751480	9.535620	1	0	1236	90
538	55.919040	9.252170	1	0	1236	90
539	55.912290	9.253870	1	0	1236	90
540	56.323480	8.707410	1	0	1236	90
541	56.268560	8.785780	1	0	1236	90
542	55.737660	9.534740	1	0	1236	90
543	55.863700	9.242180	1	0	1236	90
544	55.714880	9.536880	1	0	1236	90
545	55.756970	9.531760	1	0	1236	90
546	56.026710	8.824310	1	0	1236	90
547	56.032920	8.854870	1	0	1236	90
548	55.940510	8.500210	1	0	1236	90
549	55.940510	8.500210	1	0	1236	90
550	55.941100	8.518750	1	0	1236	90
551	56.088930	8.907770	1	0	1236	90
552	55.941100	8.518750	1	0	1236	90
553	56.122700	8.943380	1	0	1236	90
554	55.993410	8.749530	1	0	1236	90
555	56.131720	8.960020	1	0	1236	90
556	55.947530	8.492120	1	0	1236	90
557	56.128840	8.952320	1	0	1236	90
558	56.109900	8.929970	1	0	1236	90
559	56.133460	8.966200	1	0	1236	90
560	56.068810	8.886560	1	0	1236	90
561	56.046620	8.877610	1	0	1236	90
562	55.945970	8.555460	1	0	1236	90
563	55.979880	8.727640	1	0	1236	90
564	56.014610	8.789830	1	0	1236	90
565	56.031610	8.848510	1	0	1236	90
566	55.940210	8.501140	1	0	1236	90
567	56.053230	8.876080	1	0	1236	90
568	55.998670	8.758020	1	0	1236	90
569	56.009090	8.775740	1	0	1236	90
570	56.080810	8.899200	1	0	1236	90
571	55.958720	8.645830	1	0	1236	90
572	56.044860	8.877100	1	0	1236	90
573	56.059590	8.878730	1	0	1236	90
574	55.944310	8.495300	1	0	1236	90
575	55.966560	8.705630	1	0	1236	90
576	56.119380	8.939900	1	0	1236	90
577	56.032800	8.854330	1	0	1236	90
578	56.048040	8.877300	1	0	1236	90
579	55.941210	8.498740	1	0	1236	90
580	56.053860	8.876270	1	0	1236	90
581	56.041780	8.873040	1	0	1236	90
582	56.032920	8.854870	1	0	1236	90
583	56.028230	8.831800	1	0	1236	90
584	55.973460	8.717290	1	0	1236	90
585	56.047470	8.877510	1	0	1236	90
586	56.133250	8.964790	1	0	1236	90
587	56.068210	8.885930	1	0	1236	90
588	55.994450	8.751200	1	0	1236	90
589	55.941100	8.518750	1	0	1236	90
590	56.032800	8.854330	1	0	1236	90
591	55.992020	8.747270	1	0	1236	90
592	55.944290	8.542970	1	0	1236	90
593	56.005020	8.768300	1	0	1236	90
594	56.042960	8.875200	1	0	1236	90
595	56.042960	8.875200	1	0	1236	90
596	55.942540	8.496970	1	0	1236	90
597	55.952050	8.601390	1	0	1236	90
598	55.991090	8.745770	1	0	1236	90
599	56.111560	8.932140	1	0	1236	90
600	56.033270	8.856190	1	0	1236	90
601	56.126630	8.947840	1	0	1236	90
602	56.087590	8.906360	1	0	1236	90
603	56.025830	8.821080	1	0	1236	90
604	55.965520	8.694300	1	0	1236	90
605	55.944310	8.495300	1	0	1236	90
606	55.941210	8.498740	1	0	1236	90
607	56.133250	8.964790	1	0	1236	90
608	56.046250	8.877590	1	0	1236	90
609	56.053860	8.876270	1	0	1236	90
610	55.965550	8.698540	1	0	1236	90
611	55.966560	8.705630	1	0	1236	90
612	56.119380	8.939900	1	0	1236	90
613	55.968410	8.709010	1	0	1236	90
614	56.130890	8.957870	1	0	1236	90
615	56.031610	8.848510	1	0	1236	90
616	56.104660	8.924340	1	0	1236	90
617	56.076630	8.894770	1	0	1236	90
618	56.092370	8.911350	1	0	1236	90
619	55.998140	8.757200	1	0	1236	90
620	55.958240	8.643390	1	0	1236	90
621	55.977760	8.724220	1	0	1236	90
622	56.069650	8.887390	1	0	1236	90
623	56.092370	8.911350	1	0	1236	90
624	56.045380	8.877360	1	0	1236	90
625	56.051070	8.876120	1	0	1236	90
626	55.961450	8.660120	1	0	1236	90
627	55.965520	8.694300	1	0	1236	90
628	55.975940	8.721250	1	0	1236	90
629	56.063210	8.880830	1	0	1236	90
630	56.103320	8.922920	1	0	1236	90
631	55.949680	8.583420	1	0	1236	90
632	55.483580	8.978410	1	0	1236	90
633	55.484050	9.306120	1	0	1236	90
634	55.502080	9.380350	1	0	1236	90
635	55.468410	9.282560	1	0	1236	90
636	55.493480	9.320530	1	0	1236	90
637	55.475430	9.137420	1	0	1236	90
638	55.501810	9.358390	1	0	1236	90
639	55.494330	9.436040	1	0	1236	90
640	55.484790	8.915750	1	0	1236	90
641	55.484920	9.307020	1	0	1236	90
642	55.492250	9.318090	1	0	1236	90
643	55.482100	9.304850	1	0	1236	90
644	55.469350	9.292590	1	0	1236	90
645	55.494890	9.433260	1	0	1236	90
646	55.483140	9.305400	1	0	1236	90
647	55.497470	9.327410	1	0	1236	90
648	55.500920	9.391460	1	0	1236	90
649	55.493920	9.411420	1	0	1236	90
650	55.486890	9.309080	1	0	1236	90
651	55.484920	9.307020	1	0	1236	90
652	55.482170	9.006010	1	0	1236	90
653	55.484790	8.915750	1	0	1236	90
654	55.470910	9.157910	1	0	1236	90
655	55.499880	9.334470	1	0	1236	90
656	55.499290	9.395610	1	0	1236	90
657	55.496920	9.401270	1	0	1236	90
658	55.468420	9.284400	1	0	1236	90
659	55.499650	9.333450	1	0	1236	90
660	55.493390	9.439420	1	0	1236	90
661	55.496390	9.325180	1	0	1236	90
662	55.481870	8.998340	1	0	1236	90
663	55.499290	9.395610	1	0	1236	90
664	55.482850	9.305310	1	0	1236	90
665	55.470870	9.297000	1	0	1236	90
666	55.495340	9.405050	1	0	1236	90
667	55.494470	9.408080	1	0	1236	90
668	55.466920	9.177400	1	0	1236	90
669	55.469370	9.246510	1	0	1236	90
670	55.468430	8.769110	1	0	1236	90
671	55.493840	9.412400	1	0	1236	90
672	55.484440	8.953170	1	0	1236	90
673	55.481880	8.996190	1	0	1236	90
674	55.499290	9.395610	1	0	1236	90
675	55.487820	9.474360	1	0	1236	90
676	55.494720	9.434280	1	0	1236	90
677	55.495080	9.431530	1	0	1236	90
678	55.487630	9.469540	1	0	1236	90
679	55.485360	9.307480	1	0	1236	90
680	55.484250	9.107790	1	0	1236	90
681	55.499250	9.332190	1	0	1236	90
682	55.489750	9.313110	1	0	1236	90
683	55.487700	9.473000	1	0	1236	90
684	55.482140	8.991010	1	0	1236	90
685	55.495070	9.426050	1	0	1236	90
686	55.468380	8.765760	1	0	1236	90
687	55.489310	9.312330	1	0	1236	90
688	55.469360	8.799240	1	0	1236	90
689	55.475710	9.136450	1	0	1236	90
690	55.468190	8.762000	1	0	1236	90
691	55.492980	9.440820	1	0	1236	90
692	55.494610	9.407420	1	0	1236	90
693	55.481580	8.882600	1	0	1236	90
694	55.482850	9.305310	1	0	1236	90
695	55.484000	9.306180	1	0	1236	90
696	55.497970	9.328710	1	0	1236	90
697	55.484320	8.965070	1	0	1236	90
698	55.484050	9.306120	1	0	1236	90
699	55.483170	9.024980	1	0	1236	90
700	55.500570	9.341640	1	0	1236	90
701	55.489470	9.479370	1	0	1236	90
702	55.482980	8.983400	1	0	1236	90
703	55.468380	8.765760	1	0	1236	90
704	55.484440	8.953170	1	0	1236	90
705	55.500920	9.391460	1	0	1236	90
706	55.478030	9.302970	1	0	1236	90
707	55.478730	9.303310	1	0	1236	90
708	55.469370	9.246510	1	0	1236	90
709	55.484740	9.306730	1	0	1236	90
710	55.493800	9.415470	1	0	1236	90
711	55.469510	9.239140	1	0	1236	90
712	55.500240	9.336500	1	0	1236	90
713	55.484190	8.971760	1	0	1236	90
714	55.487830	9.467900	1	0	1236	90
715	55.494950	9.432780	1	0	1236	90
716	55.489470	9.479370	1	0	1236	90
717	55.484760	8.908130	1	0	1236	90
718	55.497470	9.327410	1	0	1236	90
719	55.500240	9.336500	1	0	1236	90
720	55.484000	9.306180	1	0	1236	90
721	55.468700	9.271450	1	0	1236	90
722	55.490640	9.453570	1	0	1236	90
723	55.487630	9.469540	1	0	1236	90
724	55.487680	9.472710	1	0	1236	90
725	55.487680	9.472710	1	0	1236	90
726	54.952520	9.628430	1	0	1236	90
727	54.957980	9.656170	1	0	1236	90
728	54.922740	9.459940	1	0	1236	90
729	54.897530	9.539840	1	0	1236	90
730	54.952560	9.672950	1	0	1236	90
731	54.934100	9.416000	1	0	1236	90
732	54.944740	9.692350	1	0	1236	90
733	54.928640	9.282980	1	0	1236	90
734	54.903810	9.566090	1	0	1236	90
735	54.928940	9.258550	1	0	1236	90
736	54.930850	9.609520	1	0	1236	90
737	54.943440	9.696700	1	0	1236	90
738	54.914460	9.772560	1	0	1236	90
739	54.915550	9.583920	1	0	1236	90
740	54.928230	9.739980	1	0	1236	90
741	54.913320	9.581780	1	0	1236	90
742	54.935040	9.257610	1	0	1236	90
743	54.928340	9.260670	1	0	1236	90
744	54.910110	9.577310	1	0	1236	90
745	54.934100	9.416000	1	0	1236	90
746	54.934650	9.375190	1	0	1236	90
747	54.928230	9.262250	1	0	1236	90
748	54.934270	9.257460	1	0	1236	90
749	54.959690	9.639850	1	0	1236	90
750	54.917410	9.592070	1	0	1236	90
751	54.902030	9.564790	1	0	1236	90
752	54.917160	9.591630	1	0	1236	90
753	54.920900	9.760110	1	0	1236	90
754	54.914650	9.769280	1	0	1236	90
755	54.941760	9.702330	1	0	1236	90
756	54.936620	9.612000	1	0	1236	90
757	54.921120	9.463000	1	0	1236	90
758	54.916800	9.590800	1	0	1236	90
759	54.956700	9.659230	1	0	1236	90
760	54.913320	9.581780	1	0	1236	90
761	54.926370	9.742920	1	0	1236	90
762	54.919100	9.762210	1	0	1236	90
763	54.921090	9.598600	1	0	1236	90
764	54.919890	9.761440	1	0	1236	90
765	54.919560	9.465980	1	0	1236	90
766	54.917410	9.592070	1	0	1236	90
767	54.923500	9.750380	1	0	1236	90
768	54.931200	9.256530	1	0	1236	90
769	54.943660	9.696080	1	0	1236	90
770	54.931670	9.322250	1	0	1236	90
771	54.960230	9.641670	1	0	1236	90
772	54.924130	9.455660	1	0	1236	90
773	54.896740	9.556920	1	0	1236	90
774	54.931200	9.256530	1	0	1236	90
775	54.897530	9.539840	1	0	1236	90
776	54.905910	9.508250	1	0	1236	90
777	54.933780	9.257250	1	0	1236	90
778	54.909870	9.575450	1	0	1236	90
779	54.922660	9.602960	1	0	1236	90
780	54.955160	9.632040	1	0	1236	90
781	54.934100	9.416000	1	0	1236	90
782	54.896230	9.555580	1	0	1236	90
783	54.906860	9.568310	1	0	1236	90
784	54.933230	9.610470	1	0	1236	90
785	54.936620	9.612000	1	0	1236	90
786	54.920320	9.760980	1	0	1236	90
787	54.895510	9.549780	1	0	1236	90
788	54.936410	9.720160	1	0	1236	90
789	54.928040	9.273050	1	0	1236	90
790	54.916510	9.589700	1	0	1236	90
791	54.913900	9.582080	1	0	1236	90
792	54.936290	9.258140	1	0	1236	90
793	54.896510	9.546040	1	0	1236	90
794	54.914460	9.772560	1	0	1236	90
795	54.917700	9.592490	1	0	1236	90
796	54.898890	9.532070	1	0	1236	90
797	54.928200	9.277190	1	0	1236	90
798	54.950020	9.625390	1	0	1236	90
799	54.937220	9.717510	1	0	1236	90
800	54.915910	9.584900	1	0	1236	90
801	54.918630	9.468060	1	0	1236	90
802	54.916390	9.588900	1	0	1236	90
803	54.907060	9.501210	1	0	1236	90
804	54.902030	9.564790	1	0	1236	90
805	54.922350	9.460730	1	0	1236	90
806	54.912070	9.486250	1	0	1236	90
807	54.960090	9.649150	1	0	1236	90
808	54.935820	9.257940	1	0	1236	90
809	54.914700	9.582660	1	0	1236	90
810	54.933490	9.346410	1	0	1236	90
811	54.915910	9.584900	1	0	1236	90
812	54.934280	9.365990	1	0	1236	90
813	54.907720	9.498500	1	0	1236	90
814	54.898420	9.560820	1	0	1236	90
815	54.939580	9.614360	1	0	1236	90
816	54.928130	9.267260	1	0	1236	90
817	54.960260	9.646830	1	0	1236	90
818	54.914160	9.775330	1	0	1236	90
819	54.950020	9.625390	1	0	1236	90
820	56.704030	8.214610	1	0	1236	90
821	56.566480	8.199280	1	0	1236	90
822	56.343710	8.345330	1	0	1236	90
823	56.589750	8.142170	1	0	1236	90
824	56.395790	8.327020	1	0	1236	90
825	56.363130	8.344730	1	0	1236	90
826	56.565940	8.192130	1	0	1236	90
827	56.562000	8.222040	1	0	1236	90
828	56.507160	8.210450	1	0	1236	90
829	56.572160	8.149320	1	0	1236	90
830	56.349080	8.351140	1	0	1236	90
831	56.566390	8.217640	1	0	1236	90
832	56.407740	8.318470	1	0	1236	90
833	56.667360	8.205400	1	0	1236	90
834	56.506660	8.210320	1	0	1236	90
835	56.543330	8.288700	1	0	1236	90
836	56.523250	8.250710	1	0	1236	90
837	56.593560	8.143680	1	0	1236	90
838	56.521500	8.229830	1	0	1236	90
839	56.565540	8.186330	1	0	1236	90
840	56.568770	8.165160	1	0	1236	90
841	56.492650	8.204310	1	0	1236	90
842	56.566000	8.218570	1	0	1236	90
843	56.590990	8.142370	1	0	1236	90
844	56.547470	8.252000	1	0	1236	90
845	56.613980	8.162050	1	0	1236	90
846	56.519970	8.220310	1	0	1236	90
847	56.564580	8.220680	1	0	1236	90
848	56.679580	8.223070	1	0	1236	90
849	56.423240	8.302500	1	0	1236	90
850	56.567100	8.214960	1	0	1236	90
851	56.536510	8.279330	1	0	1236	90
852	56.523760	8.253120	1	0	1236	90
853	56.499630	8.206650	1	0	1236	90
854	56.405520	8.321630	1	0	1236	90
855	56.416550	8.303940	1	0	1236	90
856	56.571100	8.151590	1	0	1236	90
857	56.622110	8.180040	1	0	1236	90
858	56.548380	8.228430	1	0	1236	90
859	56.464420	8.247370	1	0	1236	90
860	56.462490	8.249960	1	0	1236	90
861	56.405520	8.321630	1	0	1236	90
862	56.680830	8.223700	1	0	1236	90
863	56.501840	8.209570	1	0	1236	90
864	56.562440	8.221980	1	0	1236	90
865	56.499630	8.206650	1	0	1236	90
866	56.348150	8.350700	1	0	1236	90
867	56.395790	8.327020	1	0	1236	90
868	56.439490	8.281560	1	0	1236	90
869	56.661950	8.197600	1	0	1236	90
870	56.347830	8.350470	1	0	1236	90
871	56.563080	8.221780	1	0	1236	90
872	56.346240	8.348850	1	0	1236	90
873	56.602610	8.149150	1	0	1236	90
874	56.548380	8.228430	1	0	1236	90
875	56.343620	8.345210	1	0	1236	90
876	56.411590	8.309030	1	0	1236	90
877	56.525700	8.258530	1	0	1236	90
878	56.370250	8.340890	1	0	1236	90
879	56.520860	8.222600	1	0	1236	90
880	56.558380	8.220750	1	0	1236	90
881	56.566820	8.216270	1	0	1236	90
882	56.590990	8.142370	1	0	1236	90
883	56.525700	8.258530	1	0	1236	90
884	56.537260	8.280640	1	0	1236	90
885	56.456070	8.258780	1	0	1236	90
886	56.597380	8.145980	1	0	1236	90
887	56.566710	8.179490	1	0	1236	90
888	56.620720	8.178980	1	0	1236	90
889	56.665650	8.202800	1	0	1236	90
890	56.452140	8.264190	1	0	1236	90
891	56.521500	8.229830	1	0	1236	90
892	56.569110	8.159560	1	0	1236	90
893	56.491460	8.205120	1	0	1236	90
894	56.544060	8.288650	1	0	1236	90
895	56.382490	8.334230	1	0	1236	90
896	56.568990	8.160820	1	0	1236	90
897	56.621310	8.179510	1	0	1236	90
898	56.569470	8.157300	1	0	1236	90
899	56.486800	8.215260	1	0	1236	90
900	56.544060	8.288650	1	0	1236	90
901	56.521660	8.227880	1	0	1236	90
902	56.521620	8.228950	1	0	1236	90
903	56.542940	8.287910	1	0	1236	90
904	56.691340	8.211440	1	0	1236	90
905	56.585160	8.142210	1	0	1236	90
906	56.521350	8.224860	1	0	1236	90
907	56.619900	8.177960	1	0	1236	90
908	56.509900	8.211770	1	0	1236	90
909	56.521470	8.238350	1	0	1236	90
910	56.563850	8.221330	1	0	1236	90
911	56.352060	8.350700	1	0	1236	90
912	56.521110	8.232820	1	0	1236	90
913	56.567350	8.211470	1	0	1236	90
914	56.506660	8.210320	1	0	1236	90
915	55.801250	8.229460	1	0	1236	90
916	55.767770	8.312510	1	0	1236	90
917	55.760660	8.354660	1	0	1236	90
918	55.740140	8.361260	1	0	1236	90
919	55.775820	8.295070	1	0	1236	90
920	55.617440	8.487860	1	0	1236	90
921	55.759900	8.358420	1	0	1236	90
922	55.707000	8.299730	1	0	1236	90
923	55.758020	8.362250	1	0	1236	90
924	55.638860	8.283410	1	0	1236	90
925	55.816940	8.196170	1	0	1236	90
926	55.628020	8.484150	1	0	1236	90
927	55.671500	8.302090	1	0	1236	90
928	55.705800	8.299120	1	0	1236	90
929	55.617690	8.313090	1	0	1236	90
930	55.670670	8.302010	1	0	1236	90
931	55.704230	8.298820	1	0	1236	90
932	55.627210	8.488090	1	0	1236	90
933	55.618180	8.304830	1	0	1236	90
934	55.709510	8.302640	1	0	1236	90
935	55.764000	8.322330	1	0	1236	90
936	55.731550	8.354660	1	0	1236	90
937	55.617440	8.487860	1	0	1236	90
938	55.617300	8.340010	1	0	1236	90
939	55.623940	8.382840	1	0	1236	90
940	55.616880	8.336400	1	0	1236	90
941	55.719360	8.346920	1	0	1236	90
942	55.618370	8.488630	1	0	1236	90
943	55.718150	8.345890	1	0	1236	90
944	55.623230	8.469740	1	0	1236	90
945	55.625450	8.491340	1	0	1236	90
946	55.710780	8.305840	1	0	1236	90
947	55.639530	8.283720	1	0	1236	90
948	55.738530	8.360490	1	0	1236	90
949	55.621100	8.289540	1	0	1236	90
950	55.755230	8.364470	1	0	1236	90
951	55.672640	8.302380	1	0	1236	90
952	55.718550	8.346290	1	0	1236	90
953	55.775050	8.296560	1	0	1236	90
954	55.739170	8.360870	1	0	1236	90
955	55.715260	8.333760	1	0	1236	90
956	55.623920	8.285150	1	0	1236	90
957	55.712130	8.311570	1	0	1236	90
958	55.621980	8.491100	1	0	1236	90
959	55.673300	8.302550	1	0	1236	90
960	55.623870	8.491950	1	0	1236	90
961	55.625450	8.491340	1	0	1236	90
962	55.708090	8.300670	1	0	1236	90
963	55.814800	8.210880	1	0	1236	90
964	55.625820	8.283710	1	0	1236	90
965	55.627190	8.411460	1	0	1236	90
966	55.620860	8.490540	1	0	1236	90
967	55.616030	8.484400	1	0	1236	90
968	55.777290	8.290350	1	0	1236	90
969	55.700000	8.298210	1	0	1236	90
970	55.715650	8.338920	1	0	1236	90
971	55.618790	8.488950	1	0	1236	90
972	55.764450	8.320910	1	0	1236	90
973	55.692070	8.297560	1	0	1236	90
974	55.681410	8.304540	1	0	1236	90
975	55.619340	8.293780	1	0	1236	90
976	55.665240	8.302080	1	0	1236	90
977	55.618510	8.298780	1	0	1236	90
978	55.750960	8.364150	1	0	1236	90
979	55.627650	8.482070	1	0	1236	90
980	55.763320	8.327480	1	0	1236	90
981	55.618730	8.296770	1	0	1236	90
982	55.682810	8.304670	1	0	1236	90
983	55.623290	8.471120	1	0	1236	90
984	55.617690	8.313090	1	0	1236	90
985	55.617810	8.488310	1	0	1236	90
986	55.624900	8.477140	1	0	1236	90
987	55.623290	8.471120	1	0	1236	90
988	55.667250	8.302600	1	0	1236	90
989	55.621980	8.491100	1	0	1236	90
990	55.682810	8.304670	1	0	1236	90
991	55.625450	8.491340	1	0	1236	90
992	55.667760	8.302530	1	0	1236	90
993	55.715550	8.337560	1	0	1236	90
994	55.628370	8.283410	1	0	1236	90
995	55.619200	8.294310	1	0	1236	90
996	55.700000	8.298210	1	0	1236	90
997	55.626710	8.480250	1	0	1236	90
998	55.617690	8.313090	1	0	1236	90
999	55.773410	8.299480	1	0	1236	90
1000	55.627290	8.283450	1	0	1236	90
1001	55.755230	8.364470	1	0	1236	90
1002	55.735500	8.357980	1	0	1236	90
1003	55.665580	8.302260	1	0	1236	90
1004	55.712130	8.311570	1	0	1236	90
1005	55.801250	8.229460	1	0	1236	90
1006	55.622060	8.368830	1	0	1236	90
1007	55.721270	8.348030	1	0	1236	90
