Mix1000
 
VEHICLE
NUMBER     CAPACITY
  8           1


CUSTOMER						
CUST NO,   XCOORD,	YCOORD,      DEMAND  READY TIME DUE DATE SERVICE TIME   
						
0	55.179139	8.749196	0	0	1236	0
1	55.58866602	8.98256114	0	0	1236	0
2	56.11758898	8.77631721	0	0	1236	0
3	55.87980655	9.02069012	0	0	1236	0
4	56.46786022	10.15187434	0	0	1236	0
5	56.78868223	9.6314021	0	0	1236	0
6	55.09213876	9.41740446	0	0	1236	0
7	55.264818	9.402603	0	0	1236	0
8	57.156656	9.519202	1	0	1236	90
9	57.590670	10.408510	1	0	1236	90
10	55.413568	9.518782	1	0	1236	90
11	57.591620	9.965000	1	0	1236	90
12	56.531996	9.787750	1	0	1236	90
13	56.409060	10.872000	1	0	1236	90
14	55.037868	9.196160	1	0	1236	90
15	56.957890	8.602450	1	0	1236	90
16	56.659641	9.269996	1	0	1236	90
17	56.486790	8.612230	1	0	1236	90
18	56.908517	9.578155	1	0	1236	90
19	56.364680	8.620360	1	0	1236	90
20	55.428202	9.126648	1	0	1236	90
21	56.132990	8.976180	1	0	1236	90
22	56.601232	9.863240	1	0	1236	90
23	55.468190	8.762000	1	0	1236	90
24	54.927435	9.102584	1	0	1236	90
25	54.935040	9.257610	1	0	1236	90
26	56.439979	10.441155	1	0	1236	90
27	56.348150	8.350700	1	0	1236	90
28	57.336238	9.795550	1	0	1236	90
29	55.618220	8.488570	1	0	1236	90
30	56.566797	10.132202	1	0	1236	90
31	57.693410	10.490460	1	0	1236	90
32	55.756070	9.113533	1	0	1236	90
33	57.591750	9.963380	1	0	1236	90
34	56.463712	10.551760	1	0	1236	90
35	56.411800	10.877340	1	0	1236	90
36	55.976644	9.725021	1	0	1236	90
37	56.957890	8.602450	1	0	1236	90
38	56.771393	9.428629	1	0	1236	90
39	56.491830	8.597680	1	0	1236	90
40	56.175527	9.498392	1	0	1236	90
41	56.361410	8.613880	1	0	1236	90
42	55.591790	9.199096	1	0	1236	90
43	56.133420	8.972880	1	0	1236	90
44	56.618845	9.414412	1	0	1236	90
45	55.468190	8.762000	1	0	1236	90
46	55.893592	10.052933	1	0	1236	90
47	54.934460	9.257490	1	0	1236	90
48	56.463379	8.732704	1	0	1236	90
49	56.343620	8.345210	1	0	1236	90
50	54.911964	9.401871	1	0	1236	90
51	55.616720	8.486390	1	0	1236	90
52	55.224984	9.173592	1	0	1236	90
53	57.693410	10.490460	1	0	1236	90
54	57.218068	10.364047	1	0	1236	90
55	57.591200	9.967900	1	0	1236	90
56	56.972107	9.764957	1	0	1236	90
57	56.411800	10.877340	1	0	1236	90
58	56.460556	10.677700	1	0	1236	90
59	56.952890	8.679320	1	0	1236	90
60	56.115199	9.028805	1	0	1236	90
61	56.491500	8.601930	1	0	1236	90
62	55.795993	9.434926	1	0	1236	90
63	56.363880	8.619940	1	0	1236	90
64	54.927435	9.102584	1	0	1236	90
65	56.133570	8.971100	1	0	1236	90
66	57.236084	10.442396	1	0	1236	90
67	55.464500	8.706870	1	0	1236	90
68	56.112321	9.769163	1	0	1236	90
69	54.934810	9.257540	1	0	1236	90
70	56.316054	10.836087	1	0	1236	90
71	56.348150	8.350700	1	0	1236	90
72	54.911964	9.401871	1	0	1236	90
73	55.617440	8.487860	1	0	1236	90
74	55.923517	8.904630	1	0	1236	90
75	57.723910	10.592090	1	0	1236	90
76	56.320068	9.786681	1	0	1236	90
77	57.591810	9.962230	1	0	1236	90
78	57.063180	8.822535	1	0	1236	90
79	56.412390	10.878980	1	0	1236	90
80	55.881307	9.497446	1	0	1236	90
81	56.958270	8.624060	1	0	1236	90
82	55.589228	8.959729	1	0	1236	90
83	56.490620	8.608070	1	0	1236	90
84	56.924083	9.897366	1	0	1236	90
85	56.364680	8.620360	1	0	1236	90
86	56.050196	10.059550	1	0	1236	90
87	56.132840	8.977710	1	0	1236	90
88	55.591790	9.199096	1	0	1236	90
89	55.468190	8.762000	1	0	1236	90
90	56.420473	10.833696	1	0	1236	90
91	54.936290	9.258140	1	0	1236	90
92	56.289543	9.430979	1	0	1236	90
93	56.344220	8.346060	1	0	1236	90
94	56.412810	10.789304	1	0	1236	90
95	55.616280	8.485140	1	0	1236	90
96	56.293781	10.552591	1	0	1236	90
97	57.566310	10.408940	1	0	1236	90
98	55.260500	8.841947	1	0	1236	90
99	57.591810	9.962230	1	0	1236	90
100	56.273534	10.564283	1	0	1236	90
101	56.408000	10.871420	1	0	1236	90
102	55.682208	9.361145	1	0	1236	90
103	56.960460	8.636720	1	0	1236	90
104	56.569273	9.566845	1	0	1236	90
105	56.490910	8.606490	1	0	1236	90
106	55.910898	9.141672	1	0	1236	90
107	56.362750	8.618770	1	0	1236	90
108	57.063110	8.996099	1	0	1236	90
109	56.133330	8.977860	1	0	1236	90
110	55.002590	8.761068	1	0	1236	90
111	55.466160	8.730690	1	0	1236	90
112	56.849536	10.021375	1	0	1236	90
113	54.933320	9.257100	1	0	1236	90
114	56.163486	9.996386	1	0	1236	90
115	56.344220	8.346060	1	0	1236	90
116	56.672629	9.663718	1	0	1236	90
117	55.616720	8.486390	1	0	1236	90
118	57.033789	8.917178	1	0	1236	90
119	57.566310	10.408940	1	0	1236	90
120	56.531996	9.787750	1	0	1236	90
121	57.591200	9.967900	1	0	1236	90
122	56.849045	9.673818	1	0	1236	90
123	56.412570	10.879580	1	0	1236	90
124	55.945146	8.830877	1	0	1236	90
125	56.952890	8.679320	1	0	1236	90
126	57.572578	10.190233	1	0	1236	90
127	56.491830	8.597680	1	0	1236	90
128	55.557863	8.960149	1	0	1236	90
129	56.363880	8.619940	1	0	1236	90
130	56.657899	9.868174	1	0	1236	90
131	56.132840	8.977710	1	0	1236	90
132	56.488200	9.190908	1	0	1236	90
133	55.468190	8.762000	1	0	1236	90
134	57.486541	9.898749	1	0	1236	90
135	54.935820	9.257940	1	0	1236	90
136	56.532086	9.077284	1	0	1236	90
137	56.345690	8.348210	1	0	1236	90
138	56.387868	10.316679	1	0	1236	90
139	55.616180	8.484240	1	0	1236	90
140	55.675175	8.457919	1	0	1236	90
141	57.598300	10.410380	1	0	1236	90
142	56.759943	8.741274	1	0	1236	90
143	57.591800	9.962520	1	0	1236	90
144	56.149718	8.498510	1	0	1236	90
145	56.412780	10.880070	1	0	1236	90
146	57.012534	8.976516	1	0	1236	90
147	56.956890	8.614700	1	0	1236	90
148	56.859084	9.801686	1	0	1236	90
149	56.489280	8.611280	1	0	1236	90
150	56.470470	9.830997	1	0	1236	90
151	56.363880	8.619940	1	0	1236	90
152	57.218068	10.364047	1	0	1236	90
153	56.133190	8.974640	1	0	1236	90
154	56.564394	9.063059	1	0	1236	90
155	55.464930	8.712740	1	0	1236	90
156	57.577429	10.402843	1	0	1236	90
157	54.935820	9.257940	1	0	1236	90
158	56.419886	10.647709	1	0	1236	90
159	56.347830	8.350470	1	0	1236	90
160	56.176157	8.431844	1	0	1236	90
161	55.618030	8.488460	1	0	1236	90
162	55.037868	9.196160	1	0	1236	90
163	57.662010	10.465160	1	0	1236	90
164	57.259644	9.610974	1	0	1236	90
165	57.591370	9.967060	1	0	1236	90
166	55.283091	9.277711	1	0	1236	90
167	56.409710	10.872760	1	0	1236	90
168	57.368734	10.139768	1	0	1236	90
169	56.956890	8.614700	1	0	1236	90
170	56.928571	8.395757	1	0	1236	90
171	56.488030	8.612240	1	0	1236	90
172	56.221327	9.816630	1	0	1236	90
173	56.361820	8.610500	1	0	1236	90
174	56.804187	10.145158	1	0	1236	90
175	56.133570	8.971100	1	0	1236	90
176	55.392516	8.933070	1	0	1236	90
177	55.466160	8.730690	1	0	1236	90
178	56.276302	8.877225	1	0	1236	90
179	54.933780	9.257250	1	0	1236	90
180	56.175321	9.521764	1	0	1236	90
181	56.347280	8.349970	1	0	1236	90
182	56.208000	9.733064	1	0	1236	90
183	55.618030	8.488460	1	0	1236	90
184	55.841606	9.032297	1	0	1236	90
185	57.723910	10.592090	1	0	1236	90
186	56.313858	8.991319	1	0	1236	90
187	57.591800	9.962520	1	0	1236	90
188	56.729690	8.930263	1	0	1236	90
189	56.412780	10.880070	1	0	1236	90
190	56.526443	8.608716	1	0	1236	90
191	56.955480	8.593470	1	0	1236	90
192	55.294578	9.618413	1	0	1236	90
193	56.489280	8.611280	1	0	1236	90
194	56.313858	8.991319	1	0	1236	90
195	56.361680	8.616310	1	0	1236	90
196	56.050579	8.551667	1	0	1236	90
197	56.133570	8.971100	1	0	1236	90
198	56.459951	10.378296	1	0	1236	90
199	55.466160	8.730690	1	0	1236	90
200	55.972579	10.261712	1	0	1236	90
201	54.932990	9.256970	1	0	1236	90
202	56.930097	9.492151	1	0	1236	90
203	56.347830	8.350470	1	0	1236	90
204	56.296893	9.509017	1	0	1236	90
205	55.616180	8.484240	1	0	1236	90
206	57.241935	9.971513	1	0	1236	90
207	57.715010	10.530930	1	0	1236	90
208	56.674757	10.286972	1	0	1236	90
209	57.590570	9.969820	1	0	1236	90
210	56.876547	9.018682	1	0	1236	90
211	56.410470	10.874340	1	0	1236	90
212	56.662975	8.722602	1	0	1236	90
213	56.957890	8.602450	1	0	1236	90
214	56.006481	9.661834	1	0	1236	90
215	56.491300	8.601540	1	0	1236	90
216	55.001652	9.392856	1	0	1236	90
217	56.365310	8.620900	1	0	1236	90
218	57.008318	8.648744	1	0	1236	90
219	56.133420	8.972880	1	0	1236	90
220	56.928410	9.040424	1	0	1236	90
221	55.466160	8.730690	1	0	1236	90
222	55.437509	9.497773	1	0	1236	90
223	54.934460	9.257490	1	0	1236	90
224	55.262626	9.555498	1	0	1236	90
225	56.344220	8.346060	1	0	1236	90
226	56.760535	9.957418	1	0	1236	90
227	55.616180	8.484240	1	0	1236	90
228	56.450633	8.962750	1	0	1236	90
229	57.566310	10.408940	1	0	1236	90
230	57.343926	10.075751	1	0	1236	90
231	57.591200	9.967900	1	0	1236	90
232	56.440717	8.805475	1	0	1236	90
233	56.410470	10.874340	1	0	1236	90
234	56.444814	8.841546	1	0	1236	90
235	56.958270	8.624060	1	0	1236	90
236	55.428648	9.384671	1	0	1236	90
237	56.489280	8.611280	1	0	1236	90
238	56.657899	9.868174	1	0	1236	90
239	56.363880	8.619940	1	0	1236	90
240	57.316624	9.975691	1	0	1236	90
241	56.133570	8.971100	1	0	1236	90
242	54.994048	9.518847	1	0	1236	90
243	55.464930	8.712740	1	0	1236	90
244	57.101401	8.855440	1	0	1236	90
245	54.934460	9.257490	1	0	1236	90
246	56.798443	10.096991	1	0	1236	90
247	56.343710	8.345330	1	0	1236	90
248	57.217602	9.693340	1	0	1236	90
249	55.617810	8.488310	1	0	1236	90
250	57.138660	9.568972	1	0	1236	90
251	57.598300	10.410380	1	0	1236	90
252	57.033619	9.558810	1	0	1236	90
253	57.590570	9.969820	1	0	1236	90
254	56.417369	9.619541	1	0	1236	90
255	56.409710	10.872760	1	0	1236	90
256	56.187840	9.573462	1	0	1236	90
257	56.958270	8.624060	1	0	1236	90
258	55.947249	9.930828	1	0	1236	90
259	56.491830	8.597680	1	0	1236	90
260	56.022763	9.684516	1	0	1236	90
261	56.362750	8.618770	1	0	1236	90
262	54.961356	9.515540	1	0	1236	90
263	56.133630	8.968230	1	0	1236	90
264	56.421091	9.017155	1	0	1236	90
265	55.464500	8.706870	1	0	1236	90
266	56.151429	9.297892	1	0	1236	90
267	54.934270	9.257460	1	0	1236	90
268	56.053459	9.735391	1	0	1236	90
269	56.347280	8.349970	1	0	1236	90
270	56.073278	10.122089	1	0	1236	90
271	55.616720	8.486390	1	0	1236	90
272	56.908517	9.578155	1	0	1236	90
273	57.590670	10.408510	1	0	1236	90
274	56.642317	9.106157	1	0	1236	90
275	57.590930	9.968850	1	0	1236	90
276	56.903586	10.027257	1	0	1236	90
277	56.412700	10.880130	1	0	1236	90
278	56.107790	9.715374	1	0	1236	90
279	56.952020	8.588200	1	0	1236	90
280	56.354803	10.706711	1	0	1236	90
281	56.490620	8.608070	1	0	1236	90
282	56.130485	8.832987	1	0	1236	90
283	56.361460	8.606170	1	0	1236	90
284	55.756070	9.113533	1	0	1236	90
285	56.133330	8.977860	1	0	1236	90
286	56.916345	9.768206	1	0	1236	90
287	55.468380	8.765760	1	0	1236	90
288	57.238166	9.790003	1	0	1236	90
289	54.933320	9.257100	1	0	1236	90
290	56.904500	10.219452	1	0	1236	90
291	56.343620	8.345210	1	0	1236	90
292	55.266198	9.099398	1	0	1236	90
293	55.616280	8.485140	1	0	1236	90
294	56.276302	8.877225	1	0	1236	90
295	57.723910	10.592090	1	0	1236	90
296	57.366286	10.122805	1	0	1236	90
297	57.591800	9.962520	1	0	1236	90
298	55.741510	9.855602	1	0	1236	90
299	56.412780	10.880070	1	0	1236	90
300	55.438609	9.404870	1	0	1236	90
301	56.952890	8.688050	1	0	1236	90
302	57.120871	9.747360	1	0	1236	90
303	56.490010	8.610060	1	0	1236	90
304	56.618363	9.048234	1	0	1236	90
305	56.361460	8.606170	1	0	1236	90
306	56.231943	9.227213	1	0	1236	90
307	56.133570	8.971100	1	0	1236	90
308	54.957014	9.086485	1	0	1236	90
309	55.464770	8.706800	1	0	1236	90
310	56.713637	8.636348	1	0	1236	90
311	54.935040	9.257610	1	0	1236	90
312	54.944175	9.448242	1	0	1236	90
313	56.345320	8.347660	1	0	1236	90
314	55.183133	8.831211	1	0	1236	90
315	55.617440	8.487860	1	0	1236	90
316	57.582194	10.369858	1	0	1236	90
317	57.625070	10.435480	1	0	1236	90
318	56.435162	9.534959	1	0	1236	90
319	57.591780	9.962220	1	0	1236	90
320	55.724256	8.439975	1	0	1236	90
321	56.409710	10.872760	1	0	1236	90
322	56.412810	10.789304	1	0	1236	90
323	56.958790	8.646950	1	0	1236	90
324	55.074640	8.887554	1	0	1236	90
325	56.491500	8.601930	1	0	1236	90
326	55.496992	9.039190	1	0	1236	90
327	56.362750	8.618770	1	0	1236	90
328	55.704828	8.319162	1	0	1236	90
329	56.133330	8.977860	1	0	1236	90
330	56.660555	9.050702	1	0	1236	90
331	55.464770	8.706800	1	0	1236	90
332	57.184424	9.893247	1	0	1236	90
333	54.935820	9.257940	1	0	1236	90
334	56.026228	9.151065	1	0	1236	90
335	56.347280	8.349970	1	0	1236	90
336	57.033619	9.558810	1	0	1236	90
337	55.618220	8.488570	1	0	1236	90
338	56.293143	9.431639	1	0	1236	90
339	57.625070	10.435480	1	0	1236	90
340	56.578378	8.233845	1	0	1236	90
341	57.591750	9.963380	1	0	1236	90
342	56.231943	9.227213	1	0	1236	90
343	56.410470	10.874340	1	0	1236	90
344	56.190741	8.661226	1	0	1236	90
345	56.957890	8.602450	1	0	1236	90
346	55.795993	9.434926	1	0	1236	90
347	56.486790	8.612230	1	0	1236	90
348	56.574259	9.032383	1	0	1236	90
349	56.363880	8.619940	1	0	1236	90
350	56.363855	10.130185	1	0	1236	90
351	56.133200	8.974870	1	0	1236	90
352	55.438609	9.404870	1	0	1236	90
353	55.464500	8.706870	1	0	1236	90
354	56.276617	9.367263	1	0	1236	90
355	54.935820	9.257940	1	0	1236	90
356	55.930445	8.716000	1	0	1236	90
357	56.346240	8.348850	1	0	1236	90
358	57.311117	10.496325	1	0	1236	90
359	55.618220	8.488570	1	0	1236	90
360	56.764499	9.746338	1	0	1236	90
361	57.625070	10.435480	1	0	1236	90
362	56.288894	8.750449	1	0	1236	90
363	57.590930	9.968850	1	0	1236	90
364	55.340632	9.103842	1	0	1236	90
365	56.412390	10.878980	1	0	1236	90
366	56.140880	9.715329	1	0	1236	90
367	56.952890	8.688050	1	0	1236	90
368	55.143424	9.450685	1	0	1236	90
369	56.490010	8.610060	1	0	1236	90
370	55.506085	9.508259	1	0	1236	90
371	56.361810	8.607960	1	0	1236	90
372	55.294578	9.618413	1	0	1236	90
373	56.133570	8.971100	1	0	1236	90
374	56.678087	8.642946	1	0	1236	90
375	55.467380	8.749610	1	0	1236	90
376	54.941826	8.794667	1	0	1236	90
377	54.934270	9.257460	1	0	1236	90
378	55.658763	9.322109	1	0	1236	90
379	56.348150	8.350700	1	0	1236	90
380	56.111551	9.285029	1	0	1236	90
381	55.618220	8.488570	1	0	1236	90
382	57.293045	9.692232	1	0	1236	90
383	57.715010	10.530930	1	0	1236	90
384	55.931538	9.972402	1	0	1236	90
385	57.591800	9.962520	1	0	1236	90
386	56.732859	9.792816	1	0	1236	90
387	56.409060	10.872000	1	0	1236	90
388	57.058603	9.508434	1	0	1236	90
389	56.957890	8.602450	1	0	1236	90
390	55.578742	8.819508	1	0	1236	90
391	56.486790	8.612230	1	0	1236	90
392	56.554410	8.813195	1	0	1236	90
393	56.361820	8.610500	1	0	1236	90
394	57.278923	10.337163	1	0	1236	90
395	56.132990	8.976180	1	0	1236	90
396	56.827058	8.298154	1	0	1236	90
397	55.464500	8.706870	1	0	1236	90
398	57.360856	9.838939	1	0	1236	90
399	54.936290	9.258140	1	0	1236	90
400	57.037321	8.717690	1	0	1236	90
401	56.347830	8.350470	1	0	1236	90
402	57.238166	9.790003	1	0	1236	90
403	55.616280	8.485140	1	0	1236	90
404	56.390278	8.894093	1	0	1236	90
405	57.693410	10.490460	1	0	1236	90
406	55.489228	8.778490	1	0	1236	90
407	57.591810	9.962230	1	0	1236	90
408	57.333979	10.292243	1	0	1236	90
409	56.412390	10.878980	1	0	1236	90
410	56.311767	9.173029	1	0	1236	90
411	56.955080	8.669790	1	0	1236	90
412	56.254281	10.028438	1	0	1236	90
413	56.486790	8.612230	1	0	1236	90
414	56.878383	9.330723	1	0	1236	90
415	56.365310	8.620900	1	0	1236	90
416	56.299104	10.559151	1	0	1236	90
417	56.133420	8.972880	1	0	1236	90
418	55.958238	9.411732	1	0	1236	90
419	55.464770	8.706800	1	0	1236	90
420	56.224906	8.938762	1	0	1236	90
421	54.934270	9.257460	1	0	1236	90
422	55.275629	9.464602	1	0	1236	90
423	56.346240	8.348850	1	0	1236	90
424	54.911406	8.898505	1	0	1236	90
425	55.616030	8.484400	1	0	1236	90
426	56.972107	9.764957	1	0	1236	90
427	57.722720	10.542720	1	0	1236	90
428	57.450460	9.818740	1	0	1236	90
429	57.591370	9.967060	1	0	1236	90
430	56.457817	10.831163	1	0	1236	90
431	56.411800	10.877340	1	0	1236	90
432	56.758553	9.011090	1	0	1236	90
433	56.956890	8.614700	1	0	1236	90
434	55.881260	9.297515	1	0	1236	90
435	56.490620	8.608070	1	0	1236	90
436	55.926553	9.647665	1	0	1236	90
437	56.364680	8.620360	1	0	1236	90
438	57.071907	9.271591	1	0	1236	90
439	56.132990	8.976180	1	0	1236	90
440	57.246859	10.273174	1	0	1236	90
441	55.468380	8.765760	1	0	1236	90
442	55.355682	9.324045	1	0	1236	90
443	54.933780	9.257250	1	0	1236	90
444	56.349559	9.286882	1	0	1236	90
445	56.345690	8.348210	1	0	1236	90
446	55.088482	8.844537	1	0	1236	90
447	55.616180	8.484240	1	0	1236	90
448	55.331881	8.865682	1	0	1236	90
449	57.625070	10.435480	1	0	1236	90
450	56.903586	10.027257	1	0	1236	90
451	57.591370	9.967060	1	0	1236	90
452	55.381665	9.582236	1	0	1236	90
453	56.412700	10.880130	1	0	1236	90
454	54.957014	9.086485	1	0	1236	90
455	56.956890	8.614700	1	0	1236	90
456	56.409871	9.406378	1	0	1236	90
457	56.486790	8.612230	1	0	1236	90
458	55.841606	9.032297	1	0	1236	90
459	56.365310	8.620900	1	0	1236	90
460	55.386385	9.112981	1	0	1236	90
461	56.132850	8.977560	1	0	1236	90
462	56.084893	10.096881	1	0	1236	90
463	55.466160	8.730690	1	0	1236	90
464	55.589228	8.959729	1	0	1236	90
465	54.936290	9.258140	1	0	1236	90
466	56.074954	8.635204	1	0	1236	90
467	56.343710	8.345330	1	0	1236	90
468	54.949911	9.530878	1	0	1236	90
469	55.618030	8.488460	1	0	1236	90
470	55.607952	9.360633	1	0	1236	90
471	57.590670	10.408510	1	0	1236	90
472	57.030703	9.151058	1	0	1236	90
473	57.591200	9.967900	1	0	1236	90
474	55.741510	9.855602	1	0	1236	90
475	56.412390	10.878980	1	0	1236	90
476	56.837525	9.307132	1	0	1236	90
477	56.952890	8.688050	1	0	1236	90
478	57.556713	10.019812	1	0	1236	90
479	56.491500	8.601930	1	0	1236	90
480	56.808046	9.384974	1	0	1236	90
481	56.361410	8.613880	1	0	1236	90
482	57.377146	10.310707	1	0	1236	90
483	56.133200	8.974870	1	0	1236	90
484	56.244323	10.718802	1	0	1236	90
485	55.467880	8.757390	1	0	1236	90
486	55.544796	8.498021	1	0	1236	90
487	54.935820	9.257940	1	0	1236	90
488	56.450633	8.962750	1	0	1236	90
489	56.343730	8.344940	1	0	1236	90
490	56.166999	10.000215	1	0	1236	90
491	55.617110	8.487290	1	0	1236	90
492	54.948499	9.026856	1	0	1236	90
493	57.723910	10.592090	1	0	1236	90
494	56.566797	10.132202	1	0	1236	90
495	57.591470	9.966300	1	0	1236	90
496	55.293998	9.358741	1	0	1236	90
497	56.412700	10.880130	1	0	1236	90
498	57.169840	9.998116	1	0	1236	90
499	56.952890	8.688050	1	0	1236	90
500	56.142493	8.877216	1	0	1236	90
501	56.489280	8.611280	1	0	1236	90
502	57.382004	10.180674	1	0	1236	90
503	56.363880	8.619940	1	0	1236	90
504	56.955176	9.001250	1	0	1236	90
505	56.133200	8.974870	1	0	1236	90
506	56.925689	9.029850	1	0	1236	90
507	55.464930	8.712740	1	0	1236	90
508	55.814933	9.571624	1	0	1236	90
509	54.934460	9.257490	1	0	1236	90
510	57.474615	9.900970	1	0	1236	90
511	56.348150	8.350700	1	0	1236	90
512	56.340416	9.807899	1	0	1236	90
513	55.616030	8.484400	1	0	1236	90
514	56.068636	8.467419	1	0	1236	90
515	57.566310	10.408940	1	0	1236	90
516	55.984816	9.048310	1	0	1236	90
517	57.591200	9.967900	1	0	1236	90
518	55.369334	8.924259	1	0	1236	90
519	56.412570	10.879580	1	0	1236	90
520	56.976981	9.205972	1	0	1236	90
521	56.956890	8.614700	1	0	1236	90
522	56.053138	9.209285	1	0	1236	90
523	56.491300	8.601540	1	0	1236	90
524	56.107790	9.715374	1	0	1236	90
525	56.365310	8.620900	1	0	1236	90
526	56.420052	8.888342	1	0	1236	90
527	56.133200	8.974870	1	0	1236	90
528	57.008318	8.648744	1	0	1236	90
529	55.467380	8.749610	1	0	1236	90
530	55.976644	9.725021	1	0	1236	90
531	54.932990	9.256970	1	0	1236	90
532	56.589311	10.065842	1	0	1236	90
533	56.345320	8.347660	1	0	1236	90
534	54.941826	8.794667	1	0	1236	90
535	55.616720	8.486390	1	0	1236	90
536	56.254281	10.028438	1	0	1236	90
537	57.625070	10.435480	1	0	1236	90
538	56.657958	9.879089	1	0	1236	90
539	57.590930	9.968850	1	0	1236	90
540	57.135888	9.570895	1	0	1236	90
541	56.412780	10.880070	1	0	1236	90
542	56.944761	9.974520	1	0	1236	90
543	56.952890	8.679320	1	0	1236	90
544	56.140880	9.715329	1	0	1236	90
545	56.490010	8.610060	1	0	1236	90
546	57.399732	10.060578	1	0	1236	90
547	56.361820	8.610500	1	0	1236	90
548	55.673251	9.620282	1	0	1236	90
549	56.133420	8.972880	1	0	1236	90
550	57.389124	9.909466	1	0	1236	90
551	55.464770	8.706800	1	0	1236	90
552	56.853226	8.777908	1	0	1236	90
553	54.934460	9.257490	1	0	1236	90
554	56.396195	10.666418	1	0	1236	90
555	56.343730	8.344940	1	0	1236	90
556	56.759943	8.741274	1	0	1236	90
557	55.617230	8.487550	1	0	1236	90
558	55.938396	8.916487	1	0	1236	90
559	57.566310	10.408940	1	0	1236	90
560	57.080975	10.034913	1	0	1236	90
561	57.591200	9.967900	1	0	1236	90
562	57.433299	10.062468	1	0	1236	90
563	56.412390	10.878980	1	0	1236	90
564	56.557763	9.684916	1	0	1236	90
565	56.957890	8.602450	1	0	1236	90
566	55.962082	8.841852	1	0	1236	90
567	56.491830	8.597680	1	0	1236	90
568	55.690174	9.523507	1	0	1236	90
569	56.361680	8.616310	1	0	1236	90
570	56.421091	9.017155	1	0	1236	90
571	56.133190	8.974640	1	0	1236	90
572	55.927916	9.598711	1	0	1236	90
573	55.464930	8.712740	1	0	1236	90
574	56.634965	9.038977	1	0	1236	90
575	54.933780	9.257250	1	0	1236	90
576	56.838938	9.379072	1	0	1236	90
577	56.344220	8.346060	1	0	1236	90
578	57.412685	10.361765	1	0	1236	90
579	55.617440	8.487860	1	0	1236	90
580	55.893592	10.052933	1	0	1236	90
581	57.722720	10.542720	1	0	1236	90
582	55.103693	8.949338	1	0	1236	90
583	57.591620	9.965000	1	0	1236	90
584	56.729690	8.930263	1	0	1236	90
585	56.410470	10.874340	1	0	1236	90
586	56.674757	10.286972	1	0	1236	90
587	56.957890	8.602450	1	0	1236	90
588	57.433299	10.062468	1	0	1236	90
589	56.490010	8.610060	1	0	1236	90
590	57.218068	10.364047	1	0	1236	90
591	56.363880	8.619940	1	0	1236	90
592	57.022675	8.952231	1	0	1236	90
593	56.132990	8.976180	1	0	1236	90
594	56.357865	9.135559	1	0	1236	90
595	55.468190	8.762000	1	0	1236	90
596	57.018018	9.097343	1	0	1236	90
597	54.933320	9.257100	1	0	1236	90
598	56.397634	9.450417	1	0	1236	90
599	56.347280	8.349970	1	0	1236	90
600	55.081294	8.952602	1	0	1236	90
601	55.618030	8.488460	1	0	1236	90
602	56.019725	8.670429	1	0	1236	90
603	57.662010	10.465160	1	0	1236	90
604	55.923517	8.904630	1	0	1236	90
605	57.590930	9.968850	1	0	1236	90
606	55.120786	9.412901	1	0	1236	90
607	56.409710	10.872760	1	0	1236	90
608	55.852100	8.897878	1	0	1236	90
609	56.958270	8.624060	1	0	1236	90
610	56.299452	9.892827	1	0	1236	90
611	56.486790	8.612230	1	0	1236	90
612	55.813233	9.499152	1	0	1236	90
613	56.363880	8.619940	1	0	1236	90
614	56.050579	8.551667	1	0	1236	90
615	56.132840	8.977710	1	0	1236	90
616	55.544796	8.498021	1	0	1236	90
617	55.467880	8.757390	1	0	1236	90
618	56.731767	8.889243	1	0	1236	90
619	54.934810	9.257540	1	0	1236	90
620	56.550225	9.931125	1	0	1236	90
621	56.348150	8.350700	1	0	1236	90
622	56.578083	8.649210	1	0	1236	90
623	55.618030	8.488460	1	0	1236	90
624	56.518774	9.764730	1	0	1236	90
625	57.598300	10.410380	1	0	1236	90
626	55.814933	9.571624	1	0	1236	90
627	57.591780	9.962220	1	0	1236	90
628	56.008474	9.626451	1	0	1236	90
629	56.408450	10.871580	1	0	1236	90
630	56.373236	8.915485	1	0	1236	90
631	56.958270	8.624060	1	0	1236	90
632	55.532814	9.521689	1	0	1236	90
633	56.491510	8.600610	1	0	1236	90
634	54.966611	9.421484	1	0	1236	90
635	56.364680	8.620360	1	0	1236	90
636	55.029645	9.235355	1	0	1236	90
637	56.133640	8.969280	1	0	1236	90
638	56.876547	9.018682	1	0	1236	90
639	55.465210	8.716640	1	0	1236	90
640	55.037868	9.196160	1	0	1236	90
641	54.935040	9.257610	1	0	1236	90
642	56.455278	10.700187	1	0	1236	90
643	56.346240	8.348850	1	0	1236	90
644	57.445362	10.373124	1	0	1236	90
645	55.616030	8.484400	1	0	1236	90
646	56.036635	10.099180	1	0	1236	90
647	57.724480	10.559290	1	0	1236	90
648	56.531996	9.787750	1	0	1236	90
649	57.591800	9.962520	1	0	1236	90
650	55.262626	9.555498	1	0	1236	90
651	56.412570	10.879580	1	0	1236	90
652	55.827891	9.415802	1	0	1236	90
653	56.955480	8.593470	1	0	1236	90
654	55.448280	8.933205	1	0	1236	90
655	56.486790	8.612230	1	0	1236	90
656	56.100227	9.668353	1	0	1236	90
657	56.363880	8.619940	1	0	1236	90
658	56.172656	8.399047	1	0	1236	90
659	56.133640	8.969280	1	0	1236	90
660	55.275629	9.464602	1	0	1236	90
661	55.466160	8.730690	1	0	1236	90
662	55.635214	9.569638	1	0	1236	90
663	54.932990	9.256970	1	0	1236	90
664	56.399416	10.081424	1	0	1236	90
665	56.343730	8.344940	1	0	1236	90
666	57.192584	9.610550	1	0	1236	90
667	55.617440	8.487860	1	0	1236	90
668	55.951836	9.613530	1	0	1236	90
669	57.625070	10.435480	1	0	1236	90
670	56.138526	9.236240	1	0	1236	90
671	57.591470	9.966300	1	0	1236	90
672	56.128832	9.005633	1	0	1236	90
673	56.409060	10.872000	1	0	1236	90
674	56.175321	9.521764	1	0	1236	90
675	56.960460	8.636720	1	0	1236	90
676	57.120871	9.747360	1	0	1236	90
677	56.491500	8.601930	1	0	1236	90
678	56.933656	9.966898	1	0	1236	90
679	56.363880	8.619940	1	0	1236	90
680	56.396195	10.666418	1	0	1236	90
681	56.133570	8.971100	1	0	1236	90
682	56.184384	9.784089	1	0	1236	90
683	55.466160	8.730690	1	0	1236	90
684	56.336306	8.794167	1	0	1236	90
685	54.934460	9.257490	1	0	1236	90
686	57.088025	10.250556	1	0	1236	90
687	56.343710	8.345330	1	0	1236	90
688	57.071907	9.271591	1	0	1236	90
689	55.617810	8.488310	1	0	1236	90
690	55.774132	9.812361	1	0	1236	90
691	57.598300	10.410380	1	0	1236	90
692	56.509680	9.258327	1	0	1236	90
693	57.591780	9.962220	1	0	1236	90
694	56.393778	8.892186	1	0	1236	90
695	56.412390	10.878980	1	0	1236	90
696	56.012769	8.621875	1	0	1236	90
697	56.952890	8.688050	1	0	1236	90
698	56.343689	8.660383	1	0	1236	90
699	56.491830	8.597680	1	0	1236	90
700	56.099741	9.115230	1	0	1236	90
701	56.361810	8.607960	1	0	1236	90
702	55.607952	9.360633	1	0	1236	90
703	56.133640	8.969280	1	0	1236	90
704	56.944761	9.974520	1	0	1236	90
705	55.468380	8.765760	1	0	1236	90
706	55.913760	10.202138	1	0	1236	90
707	54.932990	9.256970	1	0	1236	90
708	56.106804	9.841277	1	0	1236	90
709	56.345690	8.348210	1	0	1236	90
710	56.428403	9.449855	1	0	1236	90
711	55.617440	8.487860	1	0	1236	90
712	56.016513	8.377535	1	0	1236	90
713	57.598300	10.410380	1	0	1236	90
714	56.444814	8.841546	1	0	1236	90
715	57.591780	9.962220	1	0	1236	90
716	55.088482	8.844537	1	0	1236	90
717	56.412390	10.878980	1	0	1236	90
718	56.490639	9.040737	1	0	1236	90
719	56.952890	8.679320	1	0	1236	90
720	56.878642	9.855709	1	0	1236	90
721	56.490620	8.608070	1	0	1236	90
722	56.771393	9.428629	1	0	1236	90
723	56.361810	8.607960	1	0	1236	90
724	56.667112	9.194316	1	0	1236	90
725	56.132990	8.976180	1	0	1236	90
726	54.945314	9.134664	1	0	1236	90
727	55.468190	8.762000	1	0	1236	90
728	55.774132	9.812361	1	0	1236	90
729	54.936290	9.258140	1	0	1236	90
730	55.391163	9.316533	1	0	1236	90
731	56.348150	8.350700	1	0	1236	90
732	56.447125	9.300381	1	0	1236	90
733	55.618030	8.488460	1	0	1236	90
734	55.989058	9.642656	1	0	1236	90
735	57.715010	10.530930	1	0	1236	90
736	56.053459	9.735391	1	0	1236	90
737	57.591200	9.967900	1	0	1236	90
738	55.293473	9.027020	1	0	1236	90
739	56.411800	10.877340	1	0	1236	90
740	55.940098	8.606082	1	0	1236	90
741	56.952020	8.588200	1	0	1236	90
742	55.547089	9.067787	1	0	1236	90
743	56.490620	8.608070	1	0	1236	90
744	56.402930	9.421648	1	0	1236	90
745	56.361680	8.616310	1	0	1236	90
746	55.953582	10.137887	1	0	1236	90
747	56.133330	8.977860	1	0	1236	90
748	55.262626	9.555498	1	0	1236	90
749	55.465440	8.720420	1	0	1236	90
750	57.037321	8.717690	1	0	1236	90
751	54.936290	9.258140	1	0	1236	90
752	57.058959	9.209803	1	0	1236	90
753	56.346240	8.348850	1	0	1236	90
754	57.192584	9.610550	1	0	1236	90
755	55.617810	8.488310	1	0	1236	90
756	55.544796	8.498021	1	0	1236	90
757	57.598300	10.410380	1	0	1236	90
758	57.217602	9.693340	1	0	1236	90
759	57.590570	9.969820	1	0	1236	90
760	56.052495	9.281056	1	0	1236	90
761	56.410470	10.874340	1	0	1236	90
762	56.905697	9.418708	1	0	1236	90
763	56.952890	8.679320	1	0	1236	90
764	55.860505	9.400430	1	0	1236	90
765	56.486790	8.612230	1	0	1236	90
766	56.349559	9.286882	1	0	1236	90
767	56.361410	8.613880	1	0	1236	90
768	56.977054	10.214948	1	0	1236	90
769	56.132850	8.977560	1	0	1236	90
770	55.635214	9.569638	1	0	1236	90
771	55.465210	8.716640	1	0	1236	90
772	56.273534	10.564283	1	0	1236	90
773	54.936320	9.257880	1	0	1236	90
774	55.896577	9.498546	1	0	1236	90
775	56.343710	8.345330	1	0	1236	90
776	57.694377	10.471928	1	0	1236	90
777	55.618220	8.488570	1	0	1236	90
778	56.107867	8.901034	1	0	1236	90
779	57.590670	10.408510	1	0	1236	90
780	55.626497	9.316282	1	0	1236	90
781	57.591200	9.967900	1	0	1236	90
782	56.250991	9.946745	1	0	1236	90
783	56.409060	10.872000	1	0	1236	90
784	57.088025	10.250556	1	0	1236	90
785	56.957890	8.602450	1	0	1236	90
786	56.187840	9.573462	1	0	1236	90
787	56.488030	8.612240	1	0	1236	90
788	55.859504	9.051049	1	0	1236	90
789	56.363880	8.619940	1	0	1236	90
790	57.260816	10.205525	1	0	1236	90
791	56.133200	8.974870	1	0	1236	90
792	55.543022	8.972421	1	0	1236	90
793	55.465210	8.716640	1	0	1236	90
794	55.424802	9.398331	1	0	1236	90
795	54.933780	9.257250	1	0	1236	90
796	54.908658	8.913402	1	0	1236	90
797	56.347830	8.350470	1	0	1236	90
798	56.428403	9.449855	1	0	1236	90
799	55.618030	8.488460	1	0	1236	90
800	55.927916	9.598711	1	0	1236	90
801	57.625070	10.435480	1	0	1236	90
802	56.333278	9.763126	1	0	1236	90
803	57.591800	9.962520	1	0	1236	90
804	56.151429	9.297892	1	0	1236	90
805	56.408000	10.871420	1	0	1236	90
806	55.801510	8.764016	1	0	1236	90
807	56.960460	8.636720	1	0	1236	90
808	56.700082	10.011471	1	0	1236	90
809	56.490010	8.610060	1	0	1236	90
810	56.609515	9.181144	1	0	1236	90
811	56.362750	8.618770	1	0	1236	90
812	56.707668	9.134484	1	0	1236	90
813	56.133190	8.974640	1	0	1236	90
814	56.933656	9.966898	1	0	1236	90
815	55.464930	8.712740	1	0	1236	90
816	57.433299	10.062468	1	0	1236	90
817	54.932990	9.256970	1	0	1236	90
818	56.224906	8.938762	1	0	1236	90
819	56.347830	8.350470	1	0	1236	90
820	55.917643	9.264982	1	0	1236	90
821	55.616720	8.486390	1	0	1236	90
822	57.012534	8.976516	1	0	1236	90
823	57.722720	10.542720	1	0	1236	90
824	55.505373	8.774038	1	0	1236	90
825	57.591750	9.963380	1	0	1236	90
826	57.120871	9.747360	1	0	1236	90
827	56.409710	10.872760	1	0	1236	90
828	55.264629	9.636675	1	0	1236	90
829	56.955080	8.669790	1	0	1236	90
830	56.355542	8.661008	1	0	1236	90
831	56.489280	8.611280	1	0	1236	90
832	57.069585	9.519721	1	0	1236	90
833	56.365320	8.620530	1	0	1236	90
834	57.217602	9.693340	1	0	1236	90
835	56.132990	8.976180	1	0	1236	90
836	57.492188	10.078183	1	0	1236	90
837	55.464770	8.706800	1	0	1236	90
838	57.071907	9.271591	1	0	1236	90
839	54.933320	9.257100	1	0	1236	90
840	56.208000	9.733064	1	0	1236	90
841	56.343730	8.344940	1	0	1236	90
842	56.532086	9.077284	1	0	1236	90
843	55.616720	8.486390	1	0	1236	90
844	55.320237	9.133772	1	0	1236	90
845	57.662010	10.465160	1	0	1236	90
846	56.617558	9.976418	1	0	1236	90
847	57.591200	9.967900	1	0	1236	90
848	56.289543	9.430979	1	0	1236	90
849	56.412700	10.880130	1	0	1236	90
850	57.135888	9.570895	1	0	1236	90
851	56.958790	8.646950	1	0	1236	90
852	56.328828	10.077257	1	0	1236	90
853	56.491510	8.600610	1	0	1236	90
854	56.173908	9.342314	1	0	1236	90
855	56.365310	8.620900	1	0	1236	90
856	55.381665	9.582236	1	0	1236	90
857	56.132840	8.977710	1	0	1236	90
858	56.486967	10.237987	1	0	1236	90
859	55.464930	8.712740	1	0	1236	90
860	55.294578	9.618413	1	0	1236	90
861	54.934460	9.257490	1	0	1236	90
862	57.382004	10.180674	1	0	1236	90
863	56.345320	8.347660	1	0	1236	90
864	55.212636	9.126109	1	0	1236	90
865	55.617110	8.487290	1	0	1236	90
866	55.995329	9.244553	1	0	1236	90
867	57.625070	10.435480	1	0	1236	90
868	56.468100	9.303408	1	0	1236	90
869	57.591620	9.965000	1	0	1236	90
870	55.982991	9.295355	1	0	1236	90
871	56.412780	10.880070	1	0	1236	90
872	55.870822	9.916955	1	0	1236	90
873	56.958790	8.646950	1	0	1236	90
874	56.708373	9.984176	1	0	1236	90
875	56.490910	8.606490	1	0	1236	90
876	56.553688	9.605636	1	0	1236	90
877	56.364680	8.620360	1	0	1236	90
878	55.910556	10.065392	1	0	1236	90
879	56.133420	8.972880	1	0	1236	90
880	56.481991	10.793383	1	0	1236	90
881	55.464930	8.712740	1	0	1236	90
882	56.138526	9.236240	1	0	1236	90
883	54.934460	9.257490	1	0	1236	90
884	55.233972	8.825254	1	0	1236	90
885	56.346240	8.348850	1	0	1236	90
886	55.830461	8.675798	1	0	1236	90
887	55.618030	8.488460	1	0	1236	90
888	56.665020	9.455706	1	0	1236	90
889	57.715010	10.530930	1	0	1236	90
890	56.903586	10.027257	1	0	1236	90
891	57.591800	9.962520	1	0	1236	90
892	55.778195	9.201571	1	0	1236	90
893	56.408450	10.871580	1	0	1236	90
894	56.779858	9.604584	1	0	1236	90
895	56.952890	8.688050	1	0	1236	90
896	57.408277	10.444604	1	0	1236	90
897	56.490010	8.610060	1	0	1236	90
898	56.293143	9.431639	1	0	1236	90
899	56.361820	8.610500	1	0	1236	90
900	55.506085	9.508259	1	0	1236	90
901	56.133330	8.977860	1	0	1236	90
902	56.735324	9.731539	1	0	1236	90
903	55.464770	8.706800	1	0	1236	90
904	56.288670	9.414173	1	0	1236	90
905	54.934810	9.257540	1	0	1236	90
906	55.246429	8.815807	1	0	1236	90
907	56.343710	8.345330	1	0	1236	90
908	57.399732	10.060578	1	0	1236	90
909	55.618220	8.488570	1	0	1236	90
910	56.494248	9.282847	1	0	1236	90
911	57.590670	10.408510	1	0	1236	90
912	55.675592	8.599370	1	0	1236	90
913	57.591620	9.965000	1	0	1236	90
914	56.187840	9.573462	1	0	1236	90
915	56.409710	10.872760	1	0	1236	90
916	55.489228	8.778490	1	0	1236	90
917	56.958790	8.646950	1	0	1236	90
918	56.902289	10.166165	1	0	1236	90
919	56.491830	8.597680	1	0	1236	90
920	57.372086	10.317325	1	0	1236	90
921	56.361410	8.613880	1	0	1236	90
922	57.356797	10.109100	1	0	1236	90
923	56.133570	8.971100	1	0	1236	90
924	57.101401	8.855440	1	0	1236	90
925	55.467380	8.749610	1	0	1236	90
926	56.904500	10.219452	1	0	1236	90
927	54.933320	9.257100	1	0	1236	90
928	55.500890	8.839050	1	0	1236	90
929	56.343730	8.344940	1	0	1236	90
930	55.001652	9.392856	1	0	1236	90
931	55.617440	8.487860	1	0	1236	90
932	55.117272	9.086556	1	0	1236	90
933	57.722720	10.542720	1	0	1236	90
934	57.238166	9.790003	1	0	1236	90
935	57.591200	9.967900	1	0	1236	90
936	56.716158	9.082857	1	0	1236	90
937	56.412780	10.880070	1	0	1236	90
938	57.171749	10.107542	1	0	1236	90
939	56.955080	8.669790	1	0	1236	90
940	57.269391	9.885504	1	0	1236	90
941	56.488030	8.612240	1	0	1236	90
942	56.830949	9.807551	1	0	1236	90
943	56.361810	8.607960	1	0	1236	90
944	56.130485	8.832987	1	0	1236	90
945	56.133200	8.974870	1	0	1236	90
946	57.058603	9.508434	1	0	1236	90
947	55.467380	8.749610	1	0	1236	90
948	55.892905	10.150919	1	0	1236	90
949	54.936290	9.258140	1	0	1236	90
950	56.209899	10.205237	1	0	1236	90
951	56.348150	8.350700	1	0	1236	90
952	56.618845	9.414412	1	0	1236	90
953	55.617230	8.487550	1	0	1236	90
954	56.838938	9.379072	1	0	1236	90
955	57.693410	10.490460	1	0	1236	90
956	56.925689	9.029850	1	0	1236	90
957	57.591200	9.967900	1	0	1236	90
958	56.849045	9.673818	1	0	1236	90
959	56.410470	10.874340	1	0	1236	90
960	55.343787	9.374561	1	0	1236	90
961	56.956890	8.614700	1	0	1236	90
962	56.293781	10.552591	1	0	1236	90
963	56.486790	8.612230	1	0	1236	90
964	56.082010	9.962280	1	0	1236	90
965	56.365320	8.620530	1	0	1236	90
966	55.893456	9.802842	1	0	1236	90
967	56.133570	8.971100	1	0	1236	90
968	56.849045	9.673818	1	0	1236	90
969	55.467880	8.757390	1	0	1236	90
970	56.578083	8.649210	1	0	1236	90
971	54.934810	9.257540	1	0	1236	90
972	55.144255	8.884021	1	0	1236	90
973	56.345690	8.348210	1	0	1236	90
974	55.088482	8.844537	1	0	1236	90
975	55.617110	8.487290	1	0	1236	90
976	56.601232	9.863240	1	0	1236	90
977	57.566310	10.408940	1	0	1236	90
978	56.404420	9.421273	1	0	1236	90
979	57.591200	9.967900	1	0	1236	90
980	56.175321	9.521764	1	0	1236	90
981	56.411800	10.877340	1	0	1236	90
982	55.917643	9.264982	1	0	1236	90
983	56.958790	8.646950	1	0	1236	90
984	57.286338	9.634487	1	0	1236	90
985	56.491300	8.601540	1	0	1236	90
986	56.706743	9.556768	1	0	1236	90
987	56.365310	8.620900	1	0	1236	90
988	56.553228	8.961710	1	0	1236	90
989	56.132840	8.977710	1	0	1236	90
990	56.234808	9.658626	1	0	1236	90
991	55.464770	8.706800	1	0	1236	90
992	57.270073	9.941850	1	0	1236	90
993	54.933780	9.257250	1	0	1236	90
994	55.279154	9.605276	1	0	1236	90
995	56.344220	8.346060	1	0	1236	90
996	57.058603	9.508434	1	0	1236	90
997	55.618220	8.488570	1	0	1236	90
998	56.404420	9.421273	1	0	1236	90
999	57.662010	10.465160	1	0	1236	90
1000	57.127833	9.495110	1	0	1236	90
1001	57.591620	9.965000	1	0	1236	90
1002	56.373236	8.915485	1	0	1236	90
1003	56.409710	10.872760	1	0	1236	90
1004	56.660876	9.943889	1	0	1236	90
1005	56.952890	8.679320	1	0	1236	90
1006	56.355542	8.661008	1	0	1236	90
1007	56.491500	8.601930	1	0	1236	90
