Random1000
 
VEHICLE
NUMBER     CAPACITY
  8           1


CUSTOMER						
CUST NO,   XCOORD,	YCOORD,      DEMAND  READY TIME DUE DATE SERVICE TIME   
						
0	55.179139	8.749196	0	0	1236	0
1	55.58866602	8.98256114	0	0	1236	0
2	56.11758898	8.77631721	0	0	1236	0
3	55.87980655	9.02069012	0	0	1236	0
4	56.46786022	10.15187434	0	0	1236	0
5	56.78868223	9.6314021	0	0	1236	0
6	55.09213876	9.41740446	0	0	1236	0
7	55.264818	9.402603	0	0	1236	0
8	56.823594	9.082085	1	0	1236	90
9	56.870576	9.443437	1	0	1236	90
10	56.278692	9.413281	1	0	1236	90
11	56.323577	10.198890	1	0	1236	90
12	57.071574	10.228678	1	0	1236	90
13	56.439643	8.596106	1	0	1236	90
14	56.113360	9.008225	1	0	1236	90
15	56.573044	8.255912	1	0	1236	90
16	55.120310	9.284150	1	0	1236	90
17	56.159542	10.100686	1	0	1236	90
18	56.165571	9.191711	1	0	1236	90
19	57.451441	10.391455	1	0	1236	90
20	56.434989	10.390395	1	0	1236	90
21	56.924204	9.920070	1	0	1236	90
22	55.904695	9.272222	1	0	1236	90
23	57.118665	9.344794	1	0	1236	90
24	56.383745	8.774787	1	0	1236	90
25	55.542310	9.265533	1	0	1236	90
26	56.726822	8.870432	1	0	1236	90
27	55.886076	8.365696	1	0	1236	90
28	56.487762	8.840806	1	0	1236	90
29	57.292087	10.364256	1	0	1236	90
30	55.159328	9.175673	1	0	1236	90
31	57.243590	9.623764	1	0	1236	90
32	56.252018	8.444127	1	0	1236	90
33	55.929328	9.507815	1	0	1236	90
34	55.903194	9.044644	1	0	1236	90
35	56.814482	8.951372	1	0	1236	90
36	56.433181	9.719155	1	0	1236	90
37	56.977553	9.091146	1	0	1236	90
38	56.272467	10.573028	1	0	1236	90
39	55.891593	9.665665	1	0	1236	90
40	57.295816	10.164995	1	0	1236	90
41	55.711300	9.375109	1	0	1236	90
42	56.175337	8.896087	1	0	1236	90
43	56.473855	10.053270	1	0	1236	90
44	55.729662	9.711346	1	0	1236	90
45	57.552675	10.304323	1	0	1236	90
46	56.168294	9.852994	1	0	1236	90
47	56.945156	10.174448	1	0	1236	90
48	56.446507	9.553263	1	0	1236	90
49	56.697691	10.216835	1	0	1236	90
50	56.174186	9.116646	1	0	1236	90
51	56.909493	8.989045	1	0	1236	90
52	55.572460	9.183198	1	0	1236	90
53	55.239617	9.291514	1	0	1236	90
54	55.302531	9.624542	1	0	1236	90
55	57.057407	8.766321	1	0	1236	90
56	56.728282	8.487110	1	0	1236	90
57	57.028759	9.303572	1	0	1236	90
58	56.961642	9.703610	1	0	1236	90
59	55.398560	8.940605	1	0	1236	90
60	56.402425	9.702491	1	0	1236	90
61	55.661147	9.267935	1	0	1236	90
62	55.939779	9.680951	1	0	1236	90
63	57.109530	10.287520	1	0	1236	90
64	55.951272	9.011868	1	0	1236	90
65	56.425071	9.642549	1	0	1236	90
66	56.940279	9.609077	1	0	1236	90
67	57.202156	9.924444	1	0	1236	90
68	56.298919	8.696658	1	0	1236	90
69	56.468517	9.765130	1	0	1236	90
70	56.507638	9.939611	1	0	1236	90
71	55.876906	9.520415	1	0	1236	90
72	57.086381	9.902204	1	0	1236	90
73	54.906798	9.128558	1	0	1236	90
74	56.104486	9.642395	1	0	1236	90
75	56.809822	8.766003	1	0	1236	90
76	56.306120	8.368605	1	0	1236	90
77	56.261733	10.287216	1	0	1236	90
78	55.761226	9.650037	1	0	1236	90
79	56.665210	9.610244	1	0	1236	90
80	54.888475	9.325082	1	0	1236	90
81	57.200174	10.256789	1	0	1236	90
82	56.142304	9.773272	1	0	1236	90
83	55.583137	8.488686	1	0	1236	90
84	55.699655	9.307433	1	0	1236	90
85	55.346604	9.292907	1	0	1236	90
86	56.250483	10.113727	1	0	1236	90
87	55.890601	8.783805	1	0	1236	90
88	57.335909	9.713435	1	0	1236	90
89	56.711314	10.177278	1	0	1236	90
90	56.587365	8.717890	1	0	1236	90
91	56.093186	8.406885	1	0	1236	90
92	57.047609	9.418090	1	0	1236	90
93	55.674104	8.766971	1	0	1236	90
94	56.752835	8.859671	1	0	1236	90
95	55.572548	8.680103	1	0	1236	90
96	55.413190	8.792196	1	0	1236	90
97	57.252252	10.385612	1	0	1236	90
98	55.775645	8.487718	1	0	1236	90
99	56.133229	9.171532	1	0	1236	90
100	56.520486	9.232321	1	0	1236	90
101	56.340261	9.590884	1	0	1236	90
102	56.916324	10.209056	1	0	1236	90
103	57.540946	10.362915	1	0	1236	90
104	56.689063	8.792981	1	0	1236	90
105	56.920514	9.183348	1	0	1236	90
106	56.879012	9.033839	1	0	1236	90
107	56.746193	8.428986	1	0	1236	90
108	55.801735	9.482856	1	0	1236	90
109	56.308979	9.025619	1	0	1236	90
110	56.979354	9.789059	1	0	1236	90
111	57.055908	8.707782	1	0	1236	90
112	56.704283	8.660629	1	0	1236	90
113	55.560845	9.341377	1	0	1236	90
114	55.236359	8.832063	1	0	1236	90
115	56.749796	9.779531	1	0	1236	90
116	56.744448	9.180965	1	0	1236	90
117	57.082985	10.084149	1	0	1236	90
118	56.206733	9.988797	1	0	1236	90
119	55.964133	9.177523	1	0	1236	90
120	56.369074	10.671165	1	0	1236	90
121	57.004034	10.165307	1	0	1236	90
122	56.382834	10.162326	1	0	1236	90
123	57.235792	10.490462	1	0	1236	90
124	56.430964	9.545057	1	0	1236	90
125	56.226494	9.515550	1	0	1236	90
126	56.462503	8.248606	1	0	1236	90
127	55.781193	8.807797	1	0	1236	90
128	57.423502	10.473340	1	0	1236	90
129	55.428856	9.037503	1	0	1236	90
130	57.047084	9.287643	1	0	1236	90
131	56.108171	9.178488	1	0	1236	90
132	55.977532	8.655327	1	0	1236	90
133	56.546953	8.692395	1	0	1236	90
134	56.863541	8.499363	1	0	1236	90
135	57.501228	10.087351	1	0	1236	90
136	55.176324	9.423449	1	0	1236	90
137	56.258638	9.827850	1	0	1236	90
138	56.074318	9.401708	1	0	1236	90
139	56.965741	8.547470	1	0	1236	90
140	56.630036	10.184101	1	0	1236	90
141	56.837367	9.904875	1	0	1236	90
142	56.020491	9.883538	1	0	1236	90
143	57.052417	9.658374	1	0	1236	90
144	56.997212	9.727216	1	0	1236	90
145	56.203400	9.163885	1	0	1236	90
146	55.583201	9.568153	1	0	1236	90
147	56.210520	9.370083	1	0	1236	90
148	56.637799	9.074114	1	0	1236	90
149	55.577520	8.789250	1	0	1236	90
150	55.493822	9.104974	1	0	1236	90
151	55.598706	8.434337	1	0	1236	90
152	55.586532	9.287221	1	0	1236	90
153	55.261604	9.423310	1	0	1236	90
154	57.243777	9.795570	1	0	1236	90
155	57.092022	10.223373	1	0	1236	90
156	55.642593	8.362110	1	0	1236	90
157	56.790240	8.607724	1	0	1236	90
158	56.651153	8.660486	1	0	1236	90
159	55.748926	8.998001	1	0	1236	90
160	56.406932	9.785359	1	0	1236	90
161	55.428305	8.885991	1	0	1236	90
162	56.187271	9.738096	1	0	1236	90
163	55.856335	9.128521	1	0	1236	90
164	57.012631	9.277906	1	0	1236	90
165	55.559380	8.616571	1	0	1236	90
166	55.781496	9.544066	1	0	1236	90
167	55.055482	8.823465	1	0	1236	90
168	57.030927	10.154976	1	0	1236	90
169	57.455513	10.365551	1	0	1236	90
170	55.003092	9.089970	1	0	1236	90
171	55.825119	9.250909	1	0	1236	90
172	54.888172	9.423551	1	0	1236	90
173	56.206430	9.374665	1	0	1236	90
174	56.791978	9.820030	1	0	1236	90
175	57.141720	9.580729	1	0	1236	90
176	55.111072	9.147067	1	0	1236	90
177	54.927185	8.674642	1	0	1236	90
178	56.293968	9.214363	1	0	1236	90
179	55.162390	9.021560	1	0	1236	90
180	55.945494	8.894491	1	0	1236	90
181	55.870821	9.343346	1	0	1236	90
182	56.357697	10.586295	1	0	1236	90
183	55.908238	10.110425	1	0	1236	90
184	56.972242	8.722418	1	0	1236	90
185	54.959179	9.189853	1	0	1236	90
186	56.485872	10.847845	1	0	1236	90
187	57.571133	10.073331	1	0	1236	90
188	55.632174	9.087161	1	0	1236	90
189	55.474849	9.485747	1	0	1236	90
190	56.016419	8.913528	1	0	1236	90
191	55.980047	8.922102	1	0	1236	90
192	56.850984	9.991997	1	0	1236	90
193	57.044461	9.766117	1	0	1236	90
194	56.007794	9.776480	1	0	1236	90
195	56.719162	10.017361	1	0	1236	90
196	56.559385	9.998478	1	0	1236	90
197	56.794028	9.794033	1	0	1236	90
198	56.271445	8.400770	1	0	1236	90
199	55.920822	9.648042	1	0	1236	90
200	57.483838	10.252546	1	0	1236	90
201	56.698405	9.773307	1	0	1236	90
202	56.431982	9.425630	1	0	1236	90
203	55.844377	8.509678	1	0	1236	90
204	55.646027	9.029359	1	0	1236	90
205	57.264460	9.737318	1	0	1236	90
206	56.825145	10.223981	1	0	1236	90
207	56.183839	9.492676	1	0	1236	90
208	55.733703	9.712352	1	0	1236	90
209	56.253532	9.220750	1	0	1236	90
210	55.993528	8.914293	1	0	1236	90
211	56.051926	9.707279	1	0	1236	90
212	56.143316	9.555795	1	0	1236	90
213	55.725314	9.635310	1	0	1236	90
214	57.060871	9.286979	1	0	1236	90
215	55.183090	8.930014	1	0	1236	90
216	55.906780	9.200341	1	0	1236	90
217	57.048814	9.550182	1	0	1236	90
218	56.300024	9.806477	1	0	1236	90
219	55.493165	9.143343	1	0	1236	90
220	57.343275	10.206611	1	0	1236	90
221	57.610577	10.417629	1	0	1236	90
222	55.050908	9.026802	1	0	1236	90
223	56.083414	9.305105	1	0	1236	90
224	54.920416	9.410450	1	0	1236	90
225	55.177501	9.187844	1	0	1236	90
226	55.544353	9.175879	1	0	1236	90
227	56.882280	9.589356	1	0	1236	90
228	55.831432	9.043087	1	0	1236	90
229	56.733279	10.035113	1	0	1236	90
230	56.231576	10.126462	1	0	1236	90
231	57.001187	9.229504	1	0	1236	90
232	56.622567	10.164389	1	0	1236	90
233	55.653490	9.660245	1	0	1236	90
234	57.263983	9.784826	1	0	1236	90
235	56.672909	8.484978	1	0	1236	90
236	55.214043	9.640019	1	0	1236	90
237	56.376556	8.584743	1	0	1236	90
238	55.797653	9.093847	1	0	1236	90
239	56.024523	9.110797	1	0	1236	90
240	55.088985	9.230706	1	0	1236	90
241	57.552526	10.040458	1	0	1236	90
242	55.540667	8.881851	1	0	1236	90
243	57.369277	10.047466	1	0	1236	90
244	56.377520	10.226196	1	0	1236	90
245	56.984349	9.488180	1	0	1236	90
246	56.582385	8.588197	1	0	1236	90
247	57.465133	10.161940	1	0	1236	90
248	57.266336	10.004165	1	0	1236	90
249	57.427042	9.888957	1	0	1236	90
250	55.691556	9.048622	1	0	1236	90
251	56.304555	9.185512	1	0	1236	90
252	56.828387	8.622034	1	0	1236	90
253	56.284514	8.822635	1	0	1236	90
254	56.380416	8.551944	1	0	1236	90
255	55.734320	8.942212	1	0	1236	90
256	56.732833	9.805696	1	0	1236	90
257	55.580891	9.562411	1	0	1236	90
258	56.045433	9.545717	1	0	1236	90
259	57.238713	10.106367	1	0	1236	90
260	56.731009	9.400979	1	0	1236	90
261	55.803386	9.222864	1	0	1236	90
262	56.939377	10.176377	1	0	1236	90
263	55.798323	8.524726	1	0	1236	90
264	56.501517	10.258690	1	0	1236	90
265	55.357186	9.386167	1	0	1236	90
266	56.898528	9.439470	1	0	1236	90
267	56.230060	8.509875	1	0	1236	90
268	55.115614	9.091327	1	0	1236	90
269	55.614824	9.367576	1	0	1236	90
270	56.403077	10.351528	1	0	1236	90
271	56.836655	9.221152	1	0	1236	90
272	56.352841	10.578876	1	0	1236	90
273	56.764502	10.081720	1	0	1236	90
274	56.887066	9.721327	1	0	1236	90
275	55.191989	8.994786	1	0	1236	90
276	55.232466	8.842642	1	0	1236	90
277	56.367898	9.845121	1	0	1236	90
278	56.777045	9.743117	1	0	1236	90
279	55.229195	9.109120	1	0	1236	90
280	56.312820	10.371826	1	0	1236	90
281	55.508003	8.523466	1	0	1236	90
282	54.899187	9.044960	1	0	1236	90
283	57.291767	9.703805	1	0	1236	90
284	55.830265	8.886023	1	0	1236	90
285	55.964267	9.466558	1	0	1236	90
286	56.613349	9.218219	1	0	1236	90
287	55.643576	9.525741	1	0	1236	90
288	55.749182	9.320069	1	0	1236	90
289	56.951148	9.439431	1	0	1236	90
290	55.875727	9.342172	1	0	1236	90
291	57.360285	9.826278	1	0	1236	90
292	55.339347	9.188474	1	0	1236	90
293	57.057741	9.755988	1	0	1236	90
294	57.560208	9.963966	1	0	1236	90
295	56.551034	9.064973	1	0	1236	90
296	54.970910	8.716131	1	0	1236	90
297	57.107911	10.189087	1	0	1236	90
298	56.001964	9.807754	1	0	1236	90
299	55.605646	9.063191	1	0	1236	90
300	55.706282	8.710586	1	0	1236	90
301	55.681044	9.108986	1	0	1236	90
302	56.358957	8.499801	1	0	1236	90
303	57.106078	10.013222	1	0	1236	90
304	56.451046	10.450461	1	0	1236	90
305	55.162331	8.730733	1	0	1236	90
306	57.017079	8.683893	1	0	1236	90
307	56.817902	10.184599	1	0	1236	90
308	55.868188	9.304681	1	0	1236	90
309	56.785422	8.521207	1	0	1236	90
310	55.623154	9.228772	1	0	1236	90
311	57.106404	10.277778	1	0	1236	90
312	55.026266	9.066803	1	0	1236	90
313	56.584789	9.383267	1	0	1236	90
314	55.313505	9.249328	1	0	1236	90
315	55.810083	9.624558	1	0	1236	90
316	55.310710	9.404025	1	0	1236	90
317	55.670347	8.449462	1	0	1236	90
318	56.506457	9.746244	1	0	1236	90
319	55.791758	8.835866	1	0	1236	90
320	57.071124	9.775477	1	0	1236	90
321	56.240730	8.491836	1	0	1236	90
322	56.115710	10.158560	1	0	1236	90
323	56.251727	9.514885	1	0	1236	90
324	56.192149	9.132426	1	0	1236	90
325	56.818273	10.200940	1	0	1236	90
326	55.875574	9.696765	1	0	1236	90
327	57.101613	10.182851	1	0	1236	90
328	55.589515	8.788720	1	0	1236	90
329	55.236939	8.895565	1	0	1236	90
330	56.274595	9.523833	1	0	1236	90
331	57.083504	8.628482	1	0	1236	90
332	55.064682	8.849472	1	0	1236	90
333	56.493837	10.533534	1	0	1236	90
334	54.992504	9.255386	1	0	1236	90
335	56.497736	9.858122	1	0	1236	90
336	56.240837	10.622636	1	0	1236	90
337	56.255575	9.629531	1	0	1236	90
338	55.550025	9.604117	1	0	1236	90
339	57.291115	10.072364	1	0	1236	90
340	56.260190	8.682737	1	0	1236	90
341	55.486901	9.321686	1	0	1236	90
342	55.686201	9.007534	1	0	1236	90
343	55.544363	8.385357	1	0	1236	90
344	56.836697	8.812085	1	0	1236	90
345	55.950340	10.026794	1	0	1236	90
346	56.879442	9.068726	1	0	1236	90
347	56.394008	10.076248	1	0	1236	90
348	55.373227	8.723195	1	0	1236	90
349	56.958514	9.694369	1	0	1236	90
350	57.386197	10.129497	1	0	1236	90
351	57.039742	10.071819	1	0	1236	90
352	55.198603	8.771578	1	0	1236	90
353	57.120412	8.905969	1	0	1236	90
354	57.296138	9.692474	1	0	1236	90
355	56.170152	9.138740	1	0	1236	90
356	56.710182	9.521756	1	0	1236	90
357	56.751891	9.925098	1	0	1236	90
358	56.566813	9.802238	1	0	1236	90
359	55.306251	9.427814	1	0	1236	90
360	57.279849	10.246470	1	0	1236	90
361	54.982915	8.696467	1	0	1236	90
362	56.197838	10.247842	1	0	1236	90
363	57.060206	9.015212	1	0	1236	90
364	56.578100	8.587531	1	0	1236	90
365	55.758399	9.750053	1	0	1236	90
366	56.722999	9.349653	1	0	1236	90
367	57.080694	9.789896	1	0	1236	90
368	56.364843	9.580532	1	0	1236	90
369	55.649717	9.116103	1	0	1236	90
370	56.505880	10.216180	1	0	1236	90
371	56.898177	8.828924	1	0	1236	90
372	56.383034	9.595336	1	0	1236	90
373	55.181668	9.491448	1	0	1236	90
374	55.743825	9.403889	1	0	1236	90
375	55.541053	9.134929	1	0	1236	90
376	55.268283	9.368762	1	0	1236	90
377	57.436920	10.254550	1	0	1236	90
378	56.532863	9.534024	1	0	1236	90
379	56.142157	9.122529	1	0	1236	90
380	55.150148	9.103314	1	0	1236	90
381	56.796665	9.231301	1	0	1236	90
382	55.011320	9.206604	1	0	1236	90
383	55.716931	8.953969	1	0	1236	90
384	55.500334	8.954203	1	0	1236	90
385	56.159674	9.953069	1	0	1236	90
386	56.311455	9.746538	1	0	1236	90
387	56.650132	10.128408	1	0	1236	90
388	57.028499	9.922555	1	0	1236	90
389	56.318151	10.418831	1	0	1236	90
390	56.348637	10.376674	1	0	1236	90
391	56.602625	9.996132	1	0	1236	90
392	56.474661	8.629728	1	0	1236	90
393	56.255890	10.305234	1	0	1236	90
394	56.391425	9.102245	1	0	1236	90
395	55.658494	8.542644	1	0	1236	90
396	57.377460	10.308911	1	0	1236	90
397	55.529076	9.394861	1	0	1236	90
398	57.129572	9.423449	1	0	1236	90
399	55.895948	9.357501	1	0	1236	90
400	56.437752	10.263856	1	0	1236	90
401	56.362188	9.322488	1	0	1236	90
402	56.617435	8.852640	1	0	1236	90
403	55.879253	10.111176	1	0	1236	90
404	57.294215	10.051633	1	0	1236	90
405	56.314729	10.257590	1	0	1236	90
406	56.331221	9.749781	1	0	1236	90
407	56.976854	10.217883	1	0	1236	90
408	56.687189	9.773205	1	0	1236	90
409	55.865515	8.618531	1	0	1236	90
410	56.391530	10.366484	1	0	1236	90
411	55.684552	8.778753	1	0	1236	90
412	55.798046	9.076961	1	0	1236	90
413	55.372520	8.813094	1	0	1236	90
414	55.713230	9.755980	1	0	1236	90
415	55.328725	9.514622	1	0	1236	90
416	55.623726	9.114244	1	0	1236	90
417	56.894260	9.694979	1	0	1236	90
418	56.144272	9.882378	1	0	1236	90
419	54.935795	9.365557	1	0	1236	90
420	55.393519	9.336273	1	0	1236	90
421	56.980190	8.674317	1	0	1236	90
422	57.315128	9.957683	1	0	1236	90
423	55.438471	8.962689	1	0	1236	90
424	55.893711	9.140856	1	0	1236	90
425	56.541843	9.198715	1	0	1236	90
426	57.560755	10.166558	1	0	1236	90
427	56.961501	9.544984	1	0	1236	90
428	56.904776	10.136468	1	0	1236	90
429	56.507208	9.441479	1	0	1236	90
430	55.938345	9.293983	1	0	1236	90
431	56.915520	9.588878	1	0	1236	90
432	57.313402	9.935570	1	0	1236	90
433	56.431799	10.166657	1	0	1236	90
434	56.551290	10.152598	1	0	1236	90
435	56.675242	9.740196	1	0	1236	90
436	57.078117	10.288675	1	0	1236	90
437	55.287810	9.205562	1	0	1236	90
438	55.512503	8.845105	1	0	1236	90
439	56.317166	8.955869	1	0	1236	90
440	54.970952	9.526619	1	0	1236	90
441	55.663558	8.203554	1	0	1236	90
442	55.044375	8.931845	1	0	1236	90
443	57.072107	9.153195	1	0	1236	90
444	56.238104	9.857476	1	0	1236	90
445	56.191565	10.206311	1	0	1236	90
446	55.559154	9.173880	1	0	1236	90
447	56.227970	8.633998	1	0	1236	90
448	56.001823	9.304092	1	0	1236	90
449	55.860120	9.058727	1	0	1236	90
450	56.292353	10.191529	1	0	1236	90
451	56.360008	8.790699	1	0	1236	90
452	56.954744	9.346057	1	0	1236	90
453	56.237576	9.152164	1	0	1236	90
454	56.213126	9.277878	1	0	1236	90
455	55.966308	9.160464	1	0	1236	90
456	56.199719	8.707081	1	0	1236	90
457	54.948323	8.991959	1	0	1236	90
458	56.886434	9.954460	1	0	1236	90
459	57.375406	9.836557	1	0	1236	90
460	56.273605	10.731340	1	0	1236	90
461	56.263100	9.195371	1	0	1236	90
462	56.484244	10.674051	1	0	1236	90
463	56.291108	8.955025	1	0	1236	90
464	56.293906	9.007472	1	0	1236	90
465	56.258889	8.770826	1	0	1236	90
466	55.627446	8.610538	1	0	1236	90
467	55.178372	8.792907	1	0	1236	90
468	56.028355	9.978044	1	0	1236	90
469	57.136891	9.531739	1	0	1236	90
470	56.373901	10.883946	1	0	1236	90
471	56.914055	9.632522	1	0	1236	90
472	55.832050	8.369571	1	0	1236	90
473	56.563414	10.204002	1	0	1236	90
474	56.942648	9.180650	1	0	1236	90
475	56.442976	10.709974	1	0	1236	90
476	55.274316	8.789528	1	0	1236	90
477	55.953257	9.281906	1	0	1236	90
478	55.800575	9.120949	1	0	1236	90
479	55.813104	8.567072	1	0	1236	90
480	55.758215	8.727270	1	0	1236	90
481	56.864694	9.502671	1	0	1236	90
482	55.247788	9.065348	1	0	1236	90
483	56.252890	9.287780	1	0	1236	90
484	56.857451	10.017823	1	0	1236	90
485	56.844793	10.092926	1	0	1236	90
486	55.717057	8.796187	1	0	1236	90
487	56.910314	8.766621	1	0	1236	90
488	54.958513	9.308442	1	0	1236	90
489	57.066689	8.849093	1	0	1236	90
490	56.983319	9.954075	1	0	1236	90
491	56.749726	9.196509	1	0	1236	90
492	55.812807	9.960703	1	0	1236	90
493	56.443972	10.628174	1	0	1236	90
494	56.951897	9.641125	1	0	1236	90
495	57.255617	9.816843	1	0	1236	90
496	56.449728	9.309798	1	0	1236	90
497	56.090964	9.780173	1	0	1236	90
498	54.860113	9.275566	1	0	1236	90
499	57.005507	9.400351	1	0	1236	90
500	57.079041	9.011638	1	0	1236	90
501	55.531120	9.052575	1	0	1236	90
502	57.027210	9.509474	1	0	1236	90
503	54.978426	8.986251	1	0	1236	90
504	57.411364	10.017210	1	0	1236	90
505	56.332840	9.226555	1	0	1236	90
506	57.088571	9.574979	1	0	1236	90
507	56.513460	10.396354	1	0	1236	90
508	56.328880	10.823738	1	0	1236	90
509	55.042782	9.147652	1	0	1236	90
510	56.006641	9.428770	1	0	1236	90
511	55.433705	9.051970	1	0	1236	90
512	56.489255	9.599750	1	0	1236	90
513	56.383567	9.308168	1	0	1236	90
514	57.599934	10.329877	1	0	1236	90
515	55.570228	9.175719	1	0	1236	90
516	56.109818	9.862972	1	0	1236	90
517	56.349037	9.593040	1	0	1236	90
518	56.514521	9.298821	1	0	1236	90
519	57.095953	9.422793	1	0	1236	90
520	56.649186	9.066251	1	0	1236	90
521	56.313474	9.207079	1	0	1236	90
522	56.637722	9.283985	1	0	1236	90
523	55.424661	9.508304	1	0	1236	90
524	55.089832	8.947564	1	0	1236	90
525	55.866573	9.501900	1	0	1236	90
526	56.973515	9.840514	1	0	1236	90
527	56.485623	8.987742	1	0	1236	90
528	56.068886	8.572946	1	0	1236	90
529	56.187563	9.933316	1	0	1236	90
530	57.154537	10.172803	1	0	1236	90
531	55.793474	9.003104	1	0	1236	90
532	55.278370	8.859199	1	0	1236	90
533	56.479819	8.790171	1	0	1236	90
534	56.669745	9.193952	1	0	1236	90
535	57.079827	8.688003	1	0	1236	90
536	56.569066	10.106576	1	0	1236	90
537	55.544146	8.368985	1	0	1236	90
538	56.746090	10.055074	1	0	1236	90
539	55.289942	8.788767	1	0	1236	90
540	56.630172	10.140176	1	0	1236	90
541	56.649398	10.155960	1	0	1236	90
542	55.310682	9.610115	1	0	1236	90
543	56.184736	9.480148	1	0	1236	90
544	57.291045	9.907855	1	0	1236	90
545	55.025485	9.233404	1	0	1236	90
546	56.422739	9.598678	1	0	1236	90
547	55.766609	8.776966	1	0	1236	90
548	57.469281	10.508057	1	0	1236	90
549	56.274594	9.107745	1	0	1236	90
550	55.942053	9.014393	1	0	1236	90
551	56.797014	9.001800	1	0	1236	90
552	56.024358	9.302247	1	0	1236	90
553	57.321743	10.442646	1	0	1236	90
554	56.933360	8.998725	1	0	1236	90
555	57.202564	9.677691	1	0	1236	90
556	57.097327	9.763660	1	0	1236	90
557	56.838378	9.319732	1	0	1236	90
558	56.661013	10.094573	1	0	1236	90
559	55.444927	8.708940	1	0	1236	90
560	56.054705	9.018068	1	0	1236	90
561	56.947298	8.656627	1	0	1236	90
562	55.146691	9.296553	1	0	1236	90
563	55.846135	8.722264	1	0	1236	90
564	55.193021	9.268900	1	0	1236	90
565	56.407077	9.588036	1	0	1236	90
566	56.615487	9.804254	1	0	1236	90
567	56.781539	9.756609	1	0	1236	90
568	56.641782	9.868811	1	0	1236	90
569	56.680249	10.005684	1	0	1236	90
570	55.572527	9.607908	1	0	1236	90
571	55.830368	9.205117	1	0	1236	90
572	55.547109	9.315388	1	0	1236	90
573	56.750301	8.946196	1	0	1236	90
574	56.434632	8.734754	1	0	1236	90
575	55.371035	9.244379	1	0	1236	90
576	55.826829	8.469228	1	0	1236	90
577	56.835602	8.902927	1	0	1236	90
578	57.594697	10.214075	1	0	1236	90
579	56.961302	10.137921	1	0	1236	90
580	55.332837	9.003503	1	0	1236	90
581	55.266635	9.425178	1	0	1236	90
582	55.758436	9.308614	1	0	1236	90
583	57.532588	10.101764	1	0	1236	90
584	54.995635	9.058185	1	0	1236	90
585	57.136527	9.893292	1	0	1236	90
586	57.190035	9.948695	1	0	1236	90
587	57.459169	10.121901	1	0	1236	90
588	55.656508	8.905421	1	0	1236	90
589	56.353775	9.123517	1	0	1236	90
590	56.106933	9.703372	1	0	1236	90
591	56.859102	10.036872	1	0	1236	90
592	56.055822	8.435244	1	0	1236	90
593	55.761106	9.451479	1	0	1236	90
594	56.962350	8.926643	1	0	1236	90
595	57.483838	10.286925	1	0	1236	90
596	56.031694	9.579715	1	0	1236	90
597	56.558924	9.581271	1	0	1236	90
598	56.153046	9.667036	1	0	1236	90
599	57.052008	9.695103	1	0	1236	90
600	57.031583	8.546560	1	0	1236	90
601	55.154677	9.067342	1	0	1236	90
602	56.502310	10.463323	1	0	1236	90
603	56.872941	8.585536	1	0	1236	90
604	57.151178	10.090439	1	0	1236	90
605	55.215185	9.368551	1	0	1236	90
606	57.574825	10.076511	1	0	1236	90
607	56.187208	9.370611	1	0	1236	90
608	55.488260	8.856208	1	0	1236	90
609	56.551789	10.343564	1	0	1236	90
610	55.630767	9.652389	1	0	1236	90
611	56.311170	8.485137	1	0	1236	90
612	55.807531	9.517517	1	0	1236	90
613	56.470991	10.520125	1	0	1236	90
614	56.294782	9.329217	1	0	1236	90
615	56.789470	9.765315	1	0	1236	90
616	55.373641	8.943402	1	0	1236	90
617	56.901377	8.668682	1	0	1236	90
618	56.204294	10.033022	1	0	1236	90
619	57.384216	9.962118	1	0	1236	90
620	56.548597	8.889560	1	0	1236	90
621	56.208409	9.133772	1	0	1236	90
622	56.290861	9.856722	1	0	1236	90
623	57.534492	10.312222	1	0	1236	90
624	56.429052	8.509613	1	0	1236	90
625	55.969666	9.068644	1	0	1236	90
626	56.595875	9.417357	1	0	1236	90
627	56.406245	9.144477	1	0	1236	90
628	55.029383	9.285071	1	0	1236	90
629	55.137004	9.113424	1	0	1236	90
630	57.092215	9.292878	1	0	1236	90
631	55.012081	8.864722	1	0	1236	90
632	55.789738	9.889927	1	0	1236	90
633	56.791953	8.640816	1	0	1236	90
634	56.805361	9.304587	1	0	1236	90
635	56.714359	8.488395	1	0	1236	90
636	57.054359	8.725597	1	0	1236	90
637	56.306950	10.671203	1	0	1236	90
638	55.966357	9.176687	1	0	1236	90
639	54.975839	9.468487	1	0	1236	90
640	55.966688	8.907922	1	0	1236	90
641	54.927150	9.071309	1	0	1236	90
642	56.018428	9.860244	1	0	1236	90
643	57.079947	9.238103	1	0	1236	90
644	56.854913	8.600867	1	0	1236	90
645	56.583374	9.062679	1	0	1236	90
646	56.589493	9.011687	1	0	1236	90
647	56.891909	8.766163	1	0	1236	90
648	55.477134	9.390362	1	0	1236	90
649	55.681455	8.920751	1	0	1236	90
650	56.240541	10.222185	1	0	1236	90
651	57.257507	9.963919	1	0	1236	90
652	57.294229	10.209131	1	0	1236	90
653	56.880626	9.584586	1	0	1236	90
654	55.292871	9.423013	1	0	1236	90
655	56.467128	9.903863	1	0	1236	90
656	56.331934	8.353185	1	0	1236	90
657	55.200273	8.735882	1	0	1236	90
658	55.058989	9.415751	1	0	1236	90
659	56.375715	10.145614	1	0	1236	90
660	56.342256	8.935577	1	0	1236	90
661	57.129520	10.142792	1	0	1236	90
662	56.050380	9.190653	1	0	1236	90
663	55.900406	9.949729	1	0	1236	90
664	56.681858	9.659429	1	0	1236	90
665	56.250138	8.450348	1	0	1236	90
666	56.863993	8.708187	1	0	1236	90
667	55.649595	8.308709	1	0	1236	90
668	57.163057	10.013868	1	0	1236	90
669	55.793893	9.061770	1	0	1236	90
670	55.042625	9.105186	1	0	1236	90
671	56.927903	10.051604	1	0	1236	90
672	56.624397	10.091924	1	0	1236	90
673	55.674199	8.908910	1	0	1236	90
674	56.823874	8.663148	1	0	1236	90
675	57.337750	10.002588	1	0	1236	90
676	56.062172	9.548506	1	0	1236	90
677	57.099167	9.575788	1	0	1236	90
678	56.272495	8.695993	1	0	1236	90
679	55.679517	9.014328	1	0	1236	90
680	56.317260	8.760675	1	0	1236	90
681	57.399858	9.839052	1	0	1236	90
682	56.722433	9.442466	1	0	1236	90
683	55.711856	8.840974	1	0	1236	90
684	55.589483	8.323686	1	0	1236	90
685	55.741649	9.797144	1	0	1236	90
686	57.085628	9.936573	1	0	1236	90
687	55.901216	8.595111	1	0	1236	90
688	55.772104	9.942206	1	0	1236	90
689	56.347956	10.327933	1	0	1236	90
690	56.214298	8.368344	1	0	1236	90
691	56.546805	9.875811	1	0	1236	90
692	56.830114	9.861163	1	0	1236	90
693	56.795832	9.007134	1	0	1236	90
694	55.608369	8.704649	1	0	1236	90
695	55.666257	9.466866	1	0	1236	90
696	57.332545	9.867986	1	0	1236	90
697	56.313889	8.961606	1	0	1236	90
698	55.662246	9.502638	1	0	1236	90
699	57.529042	9.998014	1	0	1236	90
700	56.964956	9.332435	1	0	1236	90
701	57.419904	9.806889	1	0	1236	90
702	55.609130	9.489703	1	0	1236	90
703	56.369043	9.872211	1	0	1236	90
704	55.320774	9.193419	1	0	1236	90
705	56.502912	9.558030	1	0	1236	90
706	55.478194	9.019284	1	0	1236	90
707	54.999879	9.536710	1	0	1236	90
708	57.179644	9.852394	1	0	1236	90
709	56.411743	8.890020	1	0	1236	90
710	57.369961	10.389203	1	0	1236	90
711	56.701323	9.089410	1	0	1236	90
712	57.098776	9.602961	1	0	1236	90
713	56.997564	10.020531	1	0	1236	90
714	56.371772	9.353095	1	0	1236	90
715	55.987986	9.584587	1	0	1236	90
716	57.443373	10.291183	1	0	1236	90
717	56.202218	9.096053	1	0	1236	90
718	57.363298	10.290604	1	0	1236	90
719	56.729795	9.984781	1	0	1236	90
720	55.057940	9.126153	1	0	1236	90
721	57.046537	10.181777	1	0	1236	90
722	56.501261	10.685998	1	0	1236	90
723	55.735357	9.432573	1	0	1236	90
724	56.327977	9.185761	1	0	1236	90
725	57.323155	9.889155	1	0	1236	90
726	55.167136	8.939759	1	0	1236	90
727	57.225350	10.120579	1	0	1236	90
728	56.832506	9.144972	1	0	1236	90
729	56.297754	9.988917	1	0	1236	90
730	56.759432	8.910481	1	0	1236	90
731	55.124575	8.868381	1	0	1236	90
732	56.776602	8.825774	1	0	1236	90
733	56.847871	8.480986	1	0	1236	90
734	57.028080	10.058514	1	0	1236	90
735	56.976424	9.169294	1	0	1236	90
736	56.478032	8.711175	1	0	1236	90
737	56.475041	8.969236	1	0	1236	90
738	56.359214	8.748649	1	0	1236	90
739	56.651052	10.000365	1	0	1236	90
740	54.956080	9.153774	1	0	1236	90
741	57.241423	9.876823	1	0	1236	90
742	56.289726	8.501551	1	0	1236	90
743	56.921071	9.383061	1	0	1236	90
744	56.011779	8.441403	1	0	1236	90
745	56.763619	8.451879	1	0	1236	90
746	56.013936	9.895045	1	0	1236	90
747	55.398389	9.476685	1	0	1236	90
748	57.037299	10.100661	1	0	1236	90
749	55.233821	9.610230	1	0	1236	90
750	55.503664	8.742472	1	0	1236	90
751	56.195257	10.027689	1	0	1236	90
752	56.249406	9.408818	1	0	1236	90
753	56.700933	10.157373	1	0	1236	90
754	56.050867	8.744274	1	0	1236	90
755	56.176766	8.702816	1	0	1236	90
756	56.332314	9.175994	1	0	1236	90
757	57.058758	9.483169	1	0	1236	90
758	55.470511	9.174266	1	0	1236	90
759	56.860356	8.698359	1	0	1236	90
760	55.322644	9.200515	1	0	1236	90
761	57.314395	9.702799	1	0	1236	90
762	56.250687	9.087661	1	0	1236	90
763	56.173177	9.081543	1	0	1236	90
764	56.568861	9.296201	1	0	1236	90
765	56.549376	10.247657	1	0	1236	90
766	56.793704	9.552736	1	0	1236	90
767	55.630399	8.516506	1	0	1236	90
768	57.462360	10.463749	1	0	1236	90
769	56.883242	9.438158	1	0	1236	90
770	56.069233	9.721160	1	0	1236	90
771	56.594890	9.890515	1	0	1236	90
772	55.605033	9.428404	1	0	1236	90
773	55.076509	9.119646	1	0	1236	90
774	56.602673	8.825123	1	0	1236	90
775	56.988374	9.926980	1	0	1236	90
776	56.119189	8.759463	1	0	1236	90
777	55.521740	8.625257	1	0	1236	90
778	56.673639	10.050708	1	0	1236	90
779	56.343387	9.582209	1	0	1236	90
780	56.036332	9.751505	1	0	1236	90
781	55.279811	9.300059	1	0	1236	90
782	56.179162	8.705818	1	0	1236	90
783	56.198431	9.212573	1	0	1236	90
784	56.632541	9.403474	1	0	1236	90
785	56.372813	9.611965	1	0	1236	90
786	56.816423	8.757718	1	0	1236	90
787	55.639619	8.423448	1	0	1236	90
788	56.582863	8.943059	1	0	1236	90
789	55.076117	8.825594	1	0	1236	90
790	57.499563	10.165701	1	0	1236	90
791	56.177532	9.594957	1	0	1236	90
792	56.294697	9.592805	1	0	1236	90
793	56.450672	8.852551	1	0	1236	90
794	55.690883	8.601083	1	0	1236	90
795	56.600068	9.092808	1	0	1236	90
796	56.853216	10.078561	1	0	1236	90
797	54.969371	9.177855	1	0	1236	90
798	56.334315	9.602125	1	0	1236	90
799	55.945439	9.256041	1	0	1236	90
800	55.816916	9.803798	1	0	1236	90
801	56.192281	9.876421	1	0	1236	90
802	56.338656	10.303683	1	0	1236	90
803	55.854897	8.836247	1	0	1236	90
804	55.051377	9.359250	1	0	1236	90
805	56.040909	9.356312	1	0	1236	90
806	57.024387	9.963670	1	0	1236	90
807	56.428982	9.962763	1	0	1236	90
808	57.132842	10.098331	1	0	1236	90
809	56.578683	9.628013	1	0	1236	90
810	56.435198	8.655588	1	0	1236	90
811	55.601395	9.245146	1	0	1236	90
812	55.528514	8.910823	1	0	1236	90
813	56.357172	9.783107	1	0	1236	90
814	55.719554	9.130646	1	0	1236	90
815	54.919549	9.432813	1	0	1236	90
816	57.135959	9.324404	1	0	1236	90
817	55.335484	9.532158	1	0	1236	90
818	55.888217	10.081287	1	0	1236	90
819	56.470458	8.550311	1	0	1236	90
820	55.561469	8.788463	1	0	1236	90
821	57.493843	10.451179	1	0	1236	90
822	55.329288	9.432841	1	0	1236	90
823	56.218533	8.667166	1	0	1236	90
824	56.814371	9.776409	1	0	1236	90
825	56.101654	8.648590	1	0	1236	90
826	56.724951	9.332179	1	0	1236	90
827	56.453184	9.393907	1	0	1236	90
828	57.548967	10.082281	1	0	1236	90
829	55.465509	8.881683	1	0	1236	90
830	56.299993	8.184462	1	0	1236	90
831	55.004429	9.102090	1	0	1236	90
832	57.423760	9.900446	1	0	1236	90
833	56.807393	9.532240	1	0	1236	90
834	56.467235	9.458970	1	0	1236	90
835	56.182403	9.595958	1	0	1236	90
836	56.431742	9.219854	1	0	1236	90
837	55.014553	9.291443	1	0	1236	90
838	56.270895	9.188780	1	0	1236	90
839	56.136494	9.818390	1	0	1236	90
840	56.393104	8.915262	1	0	1236	90
841	55.904208	8.680427	1	0	1236	90
842	56.540596	8.974974	1	0	1236	90
843	55.610985	8.836929	1	0	1236	90
844	56.011468	9.494735	1	0	1236	90
845	56.615797	10.284164	1	0	1236	90
846	56.793000	9.211894	1	0	1236	90
847	55.585810	9.494984	1	0	1236	90
848	56.817399	8.697704	1	0	1236	90
849	55.832019	9.607032	1	0	1236	90
850	55.173267	9.348705	1	0	1236	90
851	55.869972	9.785460	1	0	1236	90
852	55.852894	9.498058	1	0	1236	90
853	55.878354	9.351578	1	0	1236	90
854	56.865663	9.703464	1	0	1236	90
855	56.402907	9.059807	1	0	1236	90
856	55.783582	9.146109	1	0	1236	90
857	56.086114	9.406747	1	0	1236	90
858	57.134658	9.860728	1	0	1236	90
859	55.314672	9.347300	1	0	1236	90
860	56.009293	9.138870	1	0	1236	90
861	56.310985	8.673964	1	0	1236	90
862	55.372446	8.753006	1	0	1236	90
863	56.076308	9.271668	1	0	1236	90
864	56.896244	10.179831	1	0	1236	90
865	56.581342	10.096554	1	0	1236	90
866	56.321058	8.495773	1	0	1236	90
867	56.239529	9.941686	1	0	1236	90
868	56.336988	10.151690	1	0	1236	90
869	56.262715	9.472690	1	0	1236	90
870	55.930768	9.492623	1	0	1236	90
871	57.283084	10.095915	1	0	1236	90
872	56.241896	8.436326	1	0	1236	90
873	55.912528	8.625005	1	0	1236	90
874	57.104292	10.136920	1	0	1236	90
875	56.397355	10.148857	1	0	1236	90
876	55.976637	8.419870	1	0	1236	90
877	55.509145	9.240169	1	0	1236	90
878	57.071029	10.328445	1	0	1236	90
879	57.366068	9.970725	1	0	1236	90
880	56.378302	9.222063	1	0	1236	90
881	54.948681	9.007243	1	0	1236	90
882	55.509030	8.465526	1	0	1236	90
883	55.780670	9.146866	1	0	1236	90
884	56.909664	10.079219	1	0	1236	90
885	56.003355	9.208110	1	0	1236	90
886	55.910606	9.058924	1	0	1236	90
887	57.035814	10.056819	1	0	1236	90
888	56.805423	8.590343	1	0	1236	90
889	55.972884	9.761070	1	0	1236	90
890	55.810653	9.456785	1	0	1236	90
891	56.138238	8.922132	1	0	1236	90
892	56.795726	9.286930	1	0	1236	90
893	55.416483	9.183106	1	0	1236	90
894	55.484314	9.031641	1	0	1236	90
895	55.618208	9.145905	1	0	1236	90
896	56.543343	10.320360	1	0	1236	90
897	57.029703	9.878419	1	0	1236	90
898	56.223421	8.577926	1	0	1236	90
899	55.976215	8.718703	1	0	1236	90
900	56.014735	9.345187	1	0	1236	90
901	56.656589	10.225180	1	0	1236	90
902	57.436823	10.205812	1	0	1236	90
903	56.172417	8.264049	1	0	1236	90
904	55.433829	9.217642	1	0	1236	90
905	55.463324	9.499694	1	0	1236	90
906	56.606204	9.291067	1	0	1236	90
907	55.287547	9.622593	1	0	1236	90
908	57.297552	10.140646	1	0	1236	90
909	56.560061	8.828806	1	0	1236	90
910	55.638470	8.863677	1	0	1236	90
911	55.382183	9.588485	1	0	1236	90
912	56.296415	9.826354	1	0	1236	90
913	55.320881	8.704494	1	0	1236	90
914	56.744143	8.790446	1	0	1236	90
915	56.637776	8.914650	1	0	1236	90
916	56.217134	10.239496	1	0	1236	90
917	55.502510	8.640734	1	0	1236	90
918	56.969321	8.514153	1	0	1236	90
919	56.321557	9.354853	1	0	1236	90
920	54.974232	9.307789	1	0	1236	90
921	56.636829	8.585872	1	0	1236	90
922	56.701250	9.392971	1	0	1236	90
923	56.471538	9.665606	1	0	1236	90
924	55.883907	9.575520	1	0	1236	90
925	55.504020	9.284393	1	0	1236	90
926	57.019721	9.149440	1	0	1236	90
927	55.693179	9.403958	1	0	1236	90
928	57.295010	10.271289	1	0	1236	90
929	57.283519	10.092772	1	0	1236	90
930	56.361307	10.179994	1	0	1236	90
931	55.790722	9.197539	1	0	1236	90
932	56.091433	9.049316	1	0	1236	90
933	54.981594	9.535739	1	0	1236	90
934	56.135751	9.172650	1	0	1236	90
935	57.113644	9.031942	1	0	1236	90
936	57.187788	10.249260	1	0	1236	90
937	56.275453	9.849391	1	0	1236	90
938	56.432019	10.885469	1	0	1236	90
939	56.107615	8.674046	1	0	1236	90
940	56.730478	10.232138	1	0	1236	90
941	57.186820	9.662256	1	0	1236	90
942	56.099582	10.016998	1	0	1236	90
943	57.573742	10.262743	1	0	1236	90
944	55.637248	9.578444	1	0	1236	90
945	55.289812	9.318318	1	0	1236	90
946	55.811541	9.732338	1	0	1236	90
947	55.486627	9.159138	1	0	1236	90
948	55.987371	8.989975	1	0	1236	90
949	56.316151	9.249848	1	0	1236	90
950	56.720376	9.005365	1	0	1236	90
951	56.281048	10.355276	1	0	1236	90
952	57.273644	10.016742	1	0	1236	90
953	55.669133	9.527025	1	0	1236	90
954	57.510365	9.980690	1	0	1236	90
955	56.815075	10.171891	1	0	1236	90
956	56.272343	9.659914	1	0	1236	90
957	55.634771	8.375078	1	0	1236	90
958	56.810631	8.530113	1	0	1236	90
959	56.208219	10.241684	1	0	1236	90
960	55.342064	9.610143	1	0	1236	90
961	56.130738	9.094321	1	0	1236	90
962	57.008627	9.178764	1	0	1236	90
963	56.060397	9.774518	1	0	1236	90
964	56.818881	9.299684	1	0	1236	90
965	56.637924	8.766471	1	0	1236	90
966	56.291829	9.870180	1	0	1236	90
967	56.416531	9.114069	1	0	1236	90
968	55.747854	8.309803	1	0	1236	90
969	57.146601	9.481626	1	0	1236	90
970	57.019685	9.605122	1	0	1236	90
971	56.888578	8.672873	1	0	1236	90
972	54.989962	9.157856	1	0	1236	90
973	55.057762	9.248737	1	0	1236	90
974	55.592873	9.126186	1	0	1236	90
975	57.405896	10.143317	1	0	1236	90
976	55.226930	8.708507	1	0	1236	90
977	57.261597	9.694232	1	0	1236	90
978	55.421580	8.778405	1	0	1236	90
979	56.649610	9.879593	1	0	1236	90
980	56.229704	9.456074	1	0	1236	90
981	55.348967	9.083620	1	0	1236	90
982	55.640365	8.541143	1	0	1236	90
983	55.425225	9.082877	1	0	1236	90
984	56.227371	10.066581	1	0	1236	90
985	56.174575	9.835906	1	0	1236	90
986	55.067550	9.406232	1	0	1236	90
987	56.830615	9.275855	1	0	1236	90
988	55.234157	8.735515	1	0	1236	90
989	56.190487	10.143055	1	0	1236	90
990	56.138791	8.708388	1	0	1236	90
991	56.646504	8.942228	1	0	1236	90
992	56.954643	9.607648	1	0	1236	90
993	54.954763	9.600373	1	0	1236	90
994	55.687289	8.541232	1	0	1236	90
995	56.635469	9.748979	1	0	1236	90
996	56.160059	9.451659	1	0	1236	90
997	57.245600	9.646855	1	0	1236	90
998	56.704364	9.424189	1	0	1236	90
999	56.421692	9.915376	1	0	1236	90
1000	57.235991	9.615905	1	0	1236	90
1001	57.211351	10.130082	1	0	1236	90
1002	56.054229	9.569933	1	0	1236	90
1003	55.400741	9.174716	1	0	1236	90
1004	55.326869	9.526485	1	0	1236	90
1005	56.373744	9.876760	1	0	1236	90
1006	55.394951	9.083893	1	0	1236	90
1007	55.096400	8.851928	1	0	1236	90
